anno,settimana,luogo,tipo_valore,id_valore,orizzonte,valore,target
2025,47,IT,quantile,0.01,-1,8.174,ARI
2025,47,IT,quantile,0.01,0,8.5466,ARI
2025,47,IT,quantile,0.01,1,8.763,ARI
2025,47,IT,quantile,0.01,2,8.7311,ARI
2025,47,IT,quantile,0.01,3,8.2226,ARI
2025,47,IT,quantile,0.01,4,7.5056,ARI
2025,47,IT,quantile,0.025,-1,8.1893,ARI
2025,47,IT,quantile,0.025,0,8.5791,ARI
2025,47,IT,quantile,0.025,1,8.8095,ARI
2025,47,IT,quantile,0.025,2,8.876,ARI
2025,47,IT,quantile,0.025,3,8.7749,ARI
2025,47,IT,quantile,0.025,4,8.277,ARI
2025,47,IT,quantile,0.05,-1,8.2039,ARI
2025,47,IT,quantile,0.05,0,8.5877,ARI
2025,47,IT,quantile,0.05,1,8.8461,ARI
2025,47,IT,quantile,0.05,2,8.9901,ARI
2025,47,IT,quantile,0.05,3,8.9092,ARI
2025,47,IT,quantile,0.05,4,8.6381,ARI
2025,47,IT,quantile,0.1,-1,8.2215,ARI
2025,47,IT,quantile,0.1,0,8.6185,ARI
2025,47,IT,quantile,0.1,1,8.9022,ARI
2025,47,IT,quantile,0.1,2,9.1027,ARI
2025,47,IT,quantile,0.1,3,9.1637,ARI
2025,47,IT,quantile,0.1,4,8.9885,ARI
2025,47,IT,quantile,0.15,-1,8.2411,ARI
2025,47,IT,quantile,0.15,0,8.644,ARI
2025,47,IT,quantile,0.15,1,8.964,ARI
2025,47,IT,quantile,0.15,2,9.2134,ARI
2025,47,IT,quantile,0.15,3,9.313,ARI
2025,47,IT,quantile,0.15,4,9.2268,ARI
2025,47,IT,quantile,0.2,-1,8.2535,ARI
2025,47,IT,quantile,0.2,0,8.6677,ARI
2025,47,IT,quantile,0.2,1,9.0154,ARI
2025,47,IT,quantile,0.2,2,9.2728,ARI
2025,47,IT,quantile,0.2,3,9.4198,ARI
2025,47,IT,quantile,0.2,4,9.4096,ARI
2025,47,IT,quantile,0.25,-1,8.2611,ARI
2025,47,IT,quantile,0.25,0,8.6847,ARI
2025,47,IT,quantile,0.25,1,9.0685,ARI
2025,47,IT,quantile,0.25,2,9.3591,ARI
2025,47,IT,quantile,0.25,3,9.5415,ARI
2025,47,IT,quantile,0.25,4,9.5666,ARI
2025,47,IT,quantile,0.3,-1,8.2714,ARI
2025,47,IT,quantile,0.3,0,8.7047,ARI
2025,47,IT,quantile,0.3,1,9.1111,ARI
2025,47,IT,quantile,0.3,2,9.405,ARI
2025,47,IT,quantile,0.3,3,9.6347,ARI
2025,47,IT,quantile,0.3,4,9.6966,ARI
2025,47,IT,quantile,0.35,-1,8.2779,ARI
2025,47,IT,quantile,0.35,0,8.7319,ARI
2025,47,IT,quantile,0.35,1,9.1348,ARI
2025,47,IT,quantile,0.35,2,9.4883,ARI
2025,47,IT,quantile,0.35,3,9.7167,ARI
2025,47,IT,quantile,0.35,4,9.8438,ARI
2025,47,IT,quantile,0.4,-1,8.2841,ARI
2025,47,IT,quantile,0.4,0,8.7426,ARI
2025,47,IT,quantile,0.4,1,9.169,ARI
2025,47,IT,quantile,0.4,2,9.5301,ARI
2025,47,IT,quantile,0.4,3,9.798,ARI
2025,47,IT,quantile,0.4,4,9.9373,ARI
2025,47,IT,quantile,0.45,-1,8.2896,ARI
2025,47,IT,quantile,0.45,0,8.7598,ARI
2025,47,IT,quantile,0.45,1,9.2064,ARI
2025,47,IT,quantile,0.45,2,9.5966,ARI
2025,47,IT,quantile,0.45,3,9.8867,ARI
2025,47,IT,quantile,0.45,4,10.0773,ARI
2025,47,IT,quantile,0.5,-1,8.2952,ARI
2025,47,IT,quantile,0.5,0,8.7744,ARI
2025,47,IT,quantile,0.5,1,9.2372,ARI
2025,47,IT,quantile,0.5,2,9.671,ARI
2025,47,IT,quantile,0.5,3,9.9824,ARI
2025,47,IT,quantile,0.5,4,10.2188,ARI
2025,47,IT,quantile,0.55,-1,8.3028,ARI
2025,47,IT,quantile,0.55,0,8.79,ARI
2025,47,IT,quantile,0.55,1,9.2738,ARI
2025,47,IT,quantile,0.55,2,9.7156,ARI
2025,47,IT,quantile,0.55,3,10.0838,ARI
2025,47,IT,quantile,0.55,4,10.318,ARI
2025,47,IT,quantile,0.6,-1,8.31,ARI
2025,47,IT,quantile,0.6,0,8.8074,ARI
2025,47,IT,quantile,0.6,1,9.3115,ARI
2025,47,IT,quantile,0.6,2,9.7852,ARI
2025,47,IT,quantile,0.6,3,10.1887,ARI
2025,47,IT,quantile,0.6,4,10.4855,ARI
2025,47,IT,quantile,0.65,-1,8.3151,ARI
2025,47,IT,quantile,0.65,0,8.8215,ARI
2025,47,IT,quantile,0.65,1,9.3525,ARI
2025,47,IT,quantile,0.65,2,9.844,ARI
2025,47,IT,quantile,0.65,3,10.2464,ARI
2025,47,IT,quantile,0.65,4,10.6006,ARI
2025,47,IT,quantile,0.7,-1,8.3229,ARI
2025,47,IT,quantile,0.7,0,8.8362,ARI
2025,47,IT,quantile,0.7,1,9.3955,ARI
2025,47,IT,quantile,0.7,2,9.8928,ARI
2025,47,IT,quantile,0.7,3,10.3215,ARI
2025,47,IT,quantile,0.7,4,10.6916,ARI
2025,47,IT,quantile,0.75,-1,8.3298,ARI
2025,47,IT,quantile,0.75,0,8.854,ARI
2025,47,IT,quantile,0.75,1,9.4214,ARI
2025,47,IT,quantile,0.75,2,9.9629,ARI
2025,47,IT,quantile,0.75,3,10.4384,ARI
2025,47,IT,quantile,0.75,4,10.8118,ARI
2025,47,IT,quantile,0.8,-1,8.3387,ARI
2025,47,IT,quantile,0.8,0,8.8707,ARI
2025,47,IT,quantile,0.8,1,9.476,ARI
2025,47,IT,quantile,0.8,2,10.0286,ARI
2025,47,IT,quantile,0.8,3,10.5741,ARI
2025,47,IT,quantile,0.8,4,11.0011,ARI
2025,47,IT,quantile,0.85,-1,8.3477,ARI
2025,47,IT,quantile,0.85,0,8.8911,ARI
2025,47,IT,quantile,0.85,1,9.5352,ARI
2025,47,IT,quantile,0.85,2,10.1919,ARI
2025,47,IT,quantile,0.85,3,10.7621,ARI
2025,47,IT,quantile,0.85,4,11.2457,ARI
2025,47,IT,quantile,0.9,-1,8.3587,ARI
2025,47,IT,quantile,0.9,0,8.9116,ARI
2025,47,IT,quantile,0.9,1,9.5987,ARI
2025,47,IT,quantile,0.9,2,10.327,ARI
2025,47,IT,quantile,0.9,3,11.023,ARI
2025,47,IT,quantile,0.9,4,11.5816,ARI
2025,47,IT,quantile,0.95,-1,8.3718,ARI
2025,47,IT,quantile,0.95,0,8.9467,ARI
2025,47,IT,quantile,0.95,1,9.7207,ARI
2025,47,IT,quantile,0.95,2,10.5438,ARI
2025,47,IT,quantile,0.95,3,11.2926,ARI
2025,47,IT,quantile,0.95,4,12.075,ARI
2025,47,IT,quantile,0.975,-1,8.4023,ARI
2025,47,IT,quantile,0.975,0,8.9928,ARI
2025,47,IT,quantile,0.975,1,9.7644,ARI
2025,47,IT,quantile,0.975,2,10.6565,ARI
2025,47,IT,quantile,0.975,3,11.5611,ARI
2025,47,IT,quantile,0.975,4,12.4751,ARI
2025,47,IT,quantile,0.99,-1,8.4146,ARI
2025,47,IT,quantile,0.99,0,9.0438,ARI
2025,47,IT,quantile,0.99,1,9.9248,ARI
2025,47,IT,quantile,0.99,2,10.918,ARI
2025,47,IT,quantile,0.99,3,11.9669,ARI
2025,47,IT,quantile,0.99,4,13.0012,ARI
2025,47,01,quantile,0.01,-1,0.5977,ARI
2025,47,01,quantile,0.01,0,0.7433,ARI
2025,47,01,quantile,0.01,1,0.927,ARI
2025,47,01,quantile,0.01,2,1.151,ARI
2025,47,01,quantile,0.01,3,1.336,ARI
2025,47,01,quantile,0.01,4,1.3382,ARI
2025,47,01,quantile,0.025,-1,1.1029,ARI
2025,47,01,quantile,0.025,0,1.3268,ARI
2025,47,01,quantile,0.025,1,1.6298,ARI
2025,47,01,quantile,0.025,2,1.9541,ARI
2025,47,01,quantile,0.025,3,2.0585,ARI
2025,47,01,quantile,0.025,4,2.2556,ARI
2025,47,01,quantile,0.05,-1,1.504,ARI
2025,47,01,quantile,0.05,0,1.844,ARI
2025,47,01,quantile,0.05,1,2.2213,ARI
2025,47,01,quantile,0.05,2,2.5867,ARI
2025,47,01,quantile,0.05,3,2.8972,ARI
2025,47,01,quantile,0.05,4,2.9746,ARI
2025,47,01,quantile,0.1,-1,2.2876,ARI
2025,47,01,quantile,0.1,0,2.7046,ARI
2025,47,01,quantile,0.1,1,3.2916,ARI
2025,47,01,quantile,0.1,2,3.6601,ARI
2025,47,01,quantile,0.1,3,3.8803,ARI
2025,47,01,quantile,0.1,4,4.2646,ARI
2025,47,01,quantile,0.15,-1,2.8622,ARI
2025,47,01,quantile,0.15,0,3.3755,ARI
2025,47,01,quantile,0.15,1,3.9393,ARI
2025,47,01,quantile,0.15,2,4.3453,ARI
2025,47,01,quantile,0.15,3,4.9025,ARI
2025,47,01,quantile,0.15,4,5.2813,ARI
2025,47,01,quantile,0.2,-1,3.3402,ARI
2025,47,01,quantile,0.2,0,3.9605,ARI
2025,47,01,quantile,0.2,1,4.6188,ARI
2025,47,01,quantile,0.2,2,5.1817,ARI
2025,47,01,quantile,0.2,3,5.7,ARI
2025,47,01,quantile,0.2,4,6.2958,ARI
2025,47,01,quantile,0.25,-1,3.7607,ARI
2025,47,01,quantile,0.25,0,4.4927,ARI
2025,47,01,quantile,0.25,1,5.2286,ARI
2025,47,01,quantile,0.25,2,5.955,ARI
2025,47,01,quantile,0.25,3,6.7722,ARI
2025,47,01,quantile,0.25,4,7.1863,ARI
2025,47,01,quantile,0.3,-1,4.2539,ARI
2025,47,01,quantile,0.3,0,4.9325,ARI
2025,47,01,quantile,0.3,1,5.7535,ARI
2025,47,01,quantile,0.3,2,6.3741,ARI
2025,47,01,quantile,0.3,3,7.2873,ARI
2025,47,01,quantile,0.3,4,8.0438,ARI
2025,47,01,quantile,0.35,-1,4.8458,ARI
2025,47,01,quantile,0.35,0,5.8202,ARI
2025,47,01,quantile,0.35,1,6.714,ARI
2025,47,01,quantile,0.35,2,7.6946,ARI
2025,47,01,quantile,0.35,3,8.1125,ARI
2025,47,01,quantile,0.35,4,8.7083,ARI
2025,47,01,quantile,0.4,-1,5.2036,ARI
2025,47,01,quantile,0.4,0,6.3357,ARI
2025,47,01,quantile,0.4,1,7.4531,ARI
2025,47,01,quantile,0.4,2,8.2147,ARI
2025,47,01,quantile,0.4,3,8.8777,ARI
2025,47,01,quantile,0.4,4,9.1343,ARI
2025,47,01,quantile,0.45,-1,5.8008,ARI
2025,47,01,quantile,0.45,0,6.8704,ARI
2025,47,01,quantile,0.45,1,7.9727,ARI
2025,47,01,quantile,0.45,2,8.9822,ARI
2025,47,01,quantile,0.45,3,9.5324,ARI
2025,47,01,quantile,0.45,4,9.7639,ARI
2025,47,01,quantile,0.5,-1,6.4591,ARI
2025,47,01,quantile,0.5,0,7.4602,ARI
2025,47,01,quantile,0.5,1,8.5579,ARI
2025,47,01,quantile,0.5,2,9.6423,ARI
2025,47,01,quantile,0.5,3,10.4304,ARI
2025,47,01,quantile,0.5,4,10.439,ARI
2025,47,01,quantile,0.55,-1,7.1737,ARI
2025,47,01,quantile,0.55,0,8.1752,ARI
2025,47,01,quantile,0.55,1,9.2301,ARI
2025,47,01,quantile,0.55,2,10.0348,ARI
2025,47,01,quantile,0.55,3,10.8731,ARI
2025,47,01,quantile,0.55,4,11.4349,ARI
2025,47,01,quantile,0.6,-1,8.05,ARI
2025,47,01,quantile,0.6,0,8.977,ARI
2025,47,01,quantile,0.6,1,9.9677,ARI
2025,47,01,quantile,0.6,2,10.6226,ARI
2025,47,01,quantile,0.6,3,11.3397,ARI
2025,47,01,quantile,0.6,4,11.9925,ARI
2025,47,01,quantile,0.65,-1,9.0646,ARI
2025,47,01,quantile,0.65,0,10.0698,ARI
2025,47,01,quantile,0.65,1,10.578,ARI
2025,47,01,quantile,0.65,2,11.2042,ARI
2025,47,01,quantile,0.65,3,11.7954,ARI
2025,47,01,quantile,0.65,4,12.4461,ARI
2025,47,01,quantile,0.7,-1,9.861,ARI
2025,47,01,quantile,0.7,0,10.7944,ARI
2025,47,01,quantile,0.7,1,11.4818,ARI
2025,47,01,quantile,0.7,2,11.9402,ARI
2025,47,01,quantile,0.7,3,12.3933,ARI
2025,47,01,quantile,0.7,4,12.8998,ARI
2025,47,01,quantile,0.75,-1,10.8249,ARI
2025,47,01,quantile,0.75,0,11.655,ARI
2025,47,01,quantile,0.75,1,12.211,ARI
2025,47,01,quantile,0.75,2,12.5846,ARI
2025,47,01,quantile,0.75,3,13.0906,ARI
2025,47,01,quantile,0.75,4,13.2835,ARI
2025,47,01,quantile,0.8,-1,12.2183,ARI
2025,47,01,quantile,0.8,0,12.8283,ARI
2025,47,01,quantile,0.8,1,12.9799,ARI
2025,47,01,quantile,0.8,2,13.3079,ARI
2025,47,01,quantile,0.8,3,13.6114,ARI
2025,47,01,quantile,0.8,4,13.8253,ARI
2025,47,01,quantile,0.85,-1,13.7762,ARI
2025,47,01,quantile,0.85,0,13.9461,ARI
2025,47,01,quantile,0.85,1,14.0387,ARI
2025,47,01,quantile,0.85,2,14.071,ARI
2025,47,01,quantile,0.85,3,14.3715,ARI
2025,47,01,quantile,0.85,4,14.8703,ARI
2025,47,01,quantile,0.9,-1,15.03,ARI
2025,47,01,quantile,0.9,0,15.1391,ARI
2025,47,01,quantile,0.9,1,15.2246,ARI
2025,47,01,quantile,0.9,2,15.4953,ARI
2025,47,01,quantile,0.9,3,15.5694,ARI
2025,47,01,quantile,0.9,4,15.8005,ARI
2025,47,01,quantile,0.95,-1,17.4667,ARI
2025,47,01,quantile,0.95,0,17.3826,ARI
2025,47,01,quantile,0.95,1,17.1584,ARI
2025,47,01,quantile,0.95,2,17.6671,ARI
2025,47,01,quantile,0.95,3,17.2518,ARI
2025,47,01,quantile,0.95,4,16.9741,ARI
2025,47,01,quantile,0.975,-1,19.4041,ARI
2025,47,01,quantile,0.975,0,19.0597,ARI
2025,47,01,quantile,0.975,1,19.7292,ARI
2025,47,01,quantile,0.975,2,19.2353,ARI
2025,47,01,quantile,0.975,3,18.7965,ARI
2025,47,01,quantile,0.975,4,18.4145,ARI
2025,47,01,quantile,0.99,-1,21.5436,ARI
2025,47,01,quantile,0.99,0,22.9769,ARI
2025,47,01,quantile,0.99,1,22.3835,ARI
2025,47,01,quantile,0.99,2,20.6335,ARI
2025,47,01,quantile,0.99,3,20.8457,ARI
2025,47,01,quantile,0.99,4,20.5958,ARI
2025,47,02,quantile,0.01,-1,0.9573,ARI
2025,47,02,quantile,0.01,0,1.1886,ARI
2025,47,02,quantile,0.01,1,1.3482,ARI
2025,47,02,quantile,0.01,2,1.4153,ARI
2025,47,02,quantile,0.01,3,1.3552,ARI
2025,47,02,quantile,0.01,4,1.3827,ARI
2025,47,02,quantile,0.025,-1,1.2419,ARI
2025,47,02,quantile,0.025,0,1.5452,ARI
2025,47,02,quantile,0.025,1,1.8954,ARI
2025,47,02,quantile,0.025,2,2.2249,ARI
2025,47,02,quantile,0.025,3,2.573,ARI
2025,47,02,quantile,0.025,4,2.8629,ARI
2025,47,02,quantile,0.05,-1,1.7227,ARI
2025,47,02,quantile,0.05,0,2.0511,ARI
2025,47,02,quantile,0.05,1,2.4579,ARI
2025,47,02,quantile,0.05,2,2.731,ARI
2025,47,02,quantile,0.05,3,3.1311,ARI
2025,47,02,quantile,0.05,4,3.5891,ARI
2025,47,02,quantile,0.1,-1,2.14,ARI
2025,47,02,quantile,0.1,0,2.5388,ARI
2025,47,02,quantile,0.1,1,3.0172,ARI
2025,47,02,quantile,0.1,2,3.5965,ARI
2025,47,02,quantile,0.1,3,4.2967,ARI
2025,47,02,quantile,0.1,4,4.7372,ARI
2025,47,02,quantile,0.15,-1,2.7771,ARI
2025,47,02,quantile,0.15,0,3.334,ARI
2025,47,02,quantile,0.15,1,3.8086,ARI
2025,47,02,quantile,0.15,2,4.5004,ARI
2025,47,02,quantile,0.15,3,5.2519,ARI
2025,47,02,quantile,0.15,4,5.5893,ARI
2025,47,02,quantile,0.2,-1,3.3636,ARI
2025,47,02,quantile,0.2,0,4.0013,ARI
2025,47,02,quantile,0.2,1,4.6122,ARI
2025,47,02,quantile,0.2,2,5.2164,ARI
2025,47,02,quantile,0.2,3,5.8704,ARI
2025,47,02,quantile,0.2,4,6.4586,ARI
2025,47,02,quantile,0.25,-1,3.9325,ARI
2025,47,02,quantile,0.25,0,4.6077,ARI
2025,47,02,quantile,0.25,1,5.5006,ARI
2025,47,02,quantile,0.25,2,6.0726,ARI
2025,47,02,quantile,0.25,3,6.6725,ARI
2025,47,02,quantile,0.25,4,7.2938,ARI
2025,47,02,quantile,0.3,-1,4.5344,ARI
2025,47,02,quantile,0.3,0,5.2499,ARI
2025,47,02,quantile,0.3,1,6.0226,ARI
2025,47,02,quantile,0.3,2,6.837,ARI
2025,47,02,quantile,0.3,3,7.6488,ARI
2025,47,02,quantile,0.3,4,8.1231,ARI
2025,47,02,quantile,0.35,-1,5.1773,ARI
2025,47,02,quantile,0.35,0,6.1046,ARI
2025,47,02,quantile,0.35,1,7.0221,ARI
2025,47,02,quantile,0.35,2,7.5388,ARI
2025,47,02,quantile,0.35,3,8.4033,ARI
2025,47,02,quantile,0.35,4,8.9416,ARI
2025,47,02,quantile,0.4,-1,5.6398,ARI
2025,47,02,quantile,0.4,0,6.7213,ARI
2025,47,02,quantile,0.4,1,7.7425,ARI
2025,47,02,quantile,0.4,2,8.7946,ARI
2025,47,02,quantile,0.4,3,9.1165,ARI
2025,47,02,quantile,0.4,4,9.4759,ARI
2025,47,02,quantile,0.45,-1,6.3913,ARI
2025,47,02,quantile,0.45,0,7.4021,ARI
2025,47,02,quantile,0.45,1,8.5426,ARI
2025,47,02,quantile,0.45,2,9.501,ARI
2025,47,02,quantile,0.45,3,10.192,ARI
2025,47,02,quantile,0.45,4,9.9995,ARI
2025,47,02,quantile,0.5,-1,6.9813,ARI
2025,47,02,quantile,0.5,0,8.077,ARI
2025,47,02,quantile,0.5,1,9.115,ARI
2025,47,02,quantile,0.5,2,10.0283,ARI
2025,47,02,quantile,0.5,3,10.5827,ARI
2025,47,02,quantile,0.5,4,10.7352,ARI
2025,47,02,quantile,0.55,-1,7.5504,ARI
2025,47,02,quantile,0.55,0,8.6886,ARI
2025,47,02,quantile,0.55,1,9.7195,ARI
2025,47,02,quantile,0.55,2,10.6115,ARI
2025,47,02,quantile,0.55,3,11.1777,ARI
2025,47,02,quantile,0.55,4,11.558,ARI
2025,47,02,quantile,0.6,-1,8.087,ARI
2025,47,02,quantile,0.6,0,9.3393,ARI
2025,47,02,quantile,0.6,1,10.2184,ARI
2025,47,02,quantile,0.6,2,11.0421,ARI
2025,47,02,quantile,0.6,3,11.7431,ARI
2025,47,02,quantile,0.6,4,12.1441,ARI
2025,47,02,quantile,0.65,-1,8.9303,ARI
2025,47,02,quantile,0.65,0,10.0231,ARI
2025,47,02,quantile,0.65,1,11.0211,ARI
2025,47,02,quantile,0.65,2,11.7403,ARI
2025,47,02,quantile,0.65,3,12.2384,ARI
2025,47,02,quantile,0.65,4,12.5441,ARI
2025,47,02,quantile,0.7,-1,9.9788,ARI
2025,47,02,quantile,0.7,0,10.9707,ARI
2025,47,02,quantile,0.7,1,11.704,ARI
2025,47,02,quantile,0.7,2,12.3752,ARI
2025,47,02,quantile,0.7,3,12.8145,ARI
2025,47,02,quantile,0.7,4,13.1084,ARI
2025,47,02,quantile,0.75,-1,11.1435,ARI
2025,47,02,quantile,0.75,0,11.7295,ARI
2025,47,02,quantile,0.75,1,12.6187,ARI
2025,47,02,quantile,0.75,2,13.0149,ARI
2025,47,02,quantile,0.75,3,13.5348,ARI
2025,47,02,quantile,0.75,4,13.8622,ARI
2025,47,02,quantile,0.8,-1,11.8826,ARI
2025,47,02,quantile,0.8,0,13.0504,ARI
2025,47,02,quantile,0.8,1,13.4943,ARI
2025,47,02,quantile,0.8,2,14.091,ARI
2025,47,02,quantile,0.8,3,14.3994,ARI
2025,47,02,quantile,0.8,4,14.7283,ARI
2025,47,02,quantile,0.85,-1,13.3765,ARI
2025,47,02,quantile,0.85,0,14.0172,ARI
2025,47,02,quantile,0.85,1,14.6524,ARI
2025,47,02,quantile,0.85,2,15.0258,ARI
2025,47,02,quantile,0.85,3,15.2071,ARI
2025,47,02,quantile,0.85,4,15.3582,ARI
2025,47,02,quantile,0.9,-1,14.8701,ARI
2025,47,02,quantile,0.9,0,15.4523,ARI
2025,47,02,quantile,0.9,1,15.8199,ARI
2025,47,02,quantile,0.9,2,16.0509,ARI
2025,47,02,quantile,0.9,3,16.2659,ARI
2025,47,02,quantile,0.9,4,16.0807,ARI
2025,47,02,quantile,0.95,-1,17.5115,ARI
2025,47,02,quantile,0.95,0,17.6883,ARI
2025,47,02,quantile,0.95,1,18.046,ARI
2025,47,02,quantile,0.95,2,17.8756,ARI
2025,47,02,quantile,0.95,3,17.4593,ARI
2025,47,02,quantile,0.95,4,17.5104,ARI
2025,47,02,quantile,0.975,-1,20.1977,ARI
2025,47,02,quantile,0.975,0,20.3213,ARI
2025,47,02,quantile,0.975,1,20.7984,ARI
2025,47,02,quantile,0.975,2,20.003,ARI
2025,47,02,quantile,0.975,3,19.689,ARI
2025,47,02,quantile,0.975,4,18.8327,ARI
2025,47,02,quantile,0.99,-1,23.559,ARI
2025,47,02,quantile,0.99,0,23.7128,ARI
2025,47,02,quantile,0.99,1,22.7553,ARI
2025,47,02,quantile,0.99,2,21.7372,ARI
2025,47,02,quantile,0.99,3,21.3883,ARI
2025,47,02,quantile,0.99,4,20.9768,ARI
2025,47,03,quantile,0.01,-1,0.9234,ARI
2025,47,03,quantile,0.01,0,1.1743,ARI
2025,47,03,quantile,0.01,1,1.2728,ARI
2025,47,03,quantile,0.01,2,1.3396,ARI
2025,47,03,quantile,0.01,3,1.385,ARI
2025,47,03,quantile,0.01,4,1.4617,ARI
2025,47,03,quantile,0.025,-1,1.3422,ARI
2025,47,03,quantile,0.025,0,1.628,ARI
2025,47,03,quantile,0.025,1,1.9503,ARI
2025,47,03,quantile,0.025,2,2.0498,ARI
2025,47,03,quantile,0.025,3,2.4557,ARI
2025,47,03,quantile,0.025,4,2.2116,ARI
2025,47,03,quantile,0.05,-1,1.572,ARI
2025,47,03,quantile,0.05,0,1.8849,ARI
2025,47,03,quantile,0.05,1,2.1753,ARI
2025,47,03,quantile,0.05,2,2.5857,ARI
2025,47,03,quantile,0.05,3,3.0084,ARI
2025,47,03,quantile,0.05,4,3.3733,ARI
2025,47,03,quantile,0.1,-1,2.0255,ARI
2025,47,03,quantile,0.1,0,2.5125,ARI
2025,47,03,quantile,0.1,1,2.9763,ARI
2025,47,03,quantile,0.1,2,3.5166,ARI
2025,47,03,quantile,0.1,3,3.9649,ARI
2025,47,03,quantile,0.1,4,4.1737,ARI
2025,47,03,quantile,0.15,-1,2.4655,ARI
2025,47,03,quantile,0.15,0,2.9938,ARI
2025,47,03,quantile,0.15,1,3.5554,ARI
2025,47,03,quantile,0.15,2,4.2127,ARI
2025,47,03,quantile,0.15,3,4.6743,ARI
2025,47,03,quantile,0.15,4,5.1713,ARI
2025,47,03,quantile,0.2,-1,2.8674,ARI
2025,47,03,quantile,0.2,0,3.4158,ARI
2025,47,03,quantile,0.2,1,4.0554,ARI
2025,47,03,quantile,0.2,2,4.7223,ARI
2025,47,03,quantile,0.2,3,5.3347,ARI
2025,47,03,quantile,0.2,4,5.7671,ARI
2025,47,03,quantile,0.25,-1,3.4615,ARI
2025,47,03,quantile,0.25,0,4.0274,ARI
2025,47,03,quantile,0.25,1,4.7048,ARI
2025,47,03,quantile,0.25,2,5.3035,ARI
2025,47,03,quantile,0.25,3,6.0107,ARI
2025,47,03,quantile,0.25,4,6.6728,ARI
2025,47,03,quantile,0.3,-1,4.0696,ARI
2025,47,03,quantile,0.3,0,4.7704,ARI
2025,47,03,quantile,0.3,1,5.5286,ARI
2025,47,03,quantile,0.3,2,6.4088,ARI
2025,47,03,quantile,0.3,3,6.9081,ARI
2025,47,03,quantile,0.3,4,7.6359,ARI
2025,47,03,quantile,0.35,-1,4.6784,ARI
2025,47,03,quantile,0.35,0,5.4769,ARI
2025,47,03,quantile,0.35,1,6.2941,ARI
2025,47,03,quantile,0.35,2,7.0932,ARI
2025,47,03,quantile,0.35,3,7.6491,ARI
2025,47,03,quantile,0.35,4,8.2887,ARI
2025,47,03,quantile,0.4,-1,5.4994,ARI
2025,47,03,quantile,0.4,0,6.432,ARI
2025,47,03,quantile,0.4,1,7.1711,ARI
2025,47,03,quantile,0.4,2,7.8213,ARI
2025,47,03,quantile,0.4,3,8.3965,ARI
2025,47,03,quantile,0.4,4,9.2117,ARI
2025,47,03,quantile,0.45,-1,6.0472,ARI
2025,47,03,quantile,0.45,0,7.0841,ARI
2025,47,03,quantile,0.45,1,7.8076,ARI
2025,47,03,quantile,0.45,2,8.5233,ARI
2025,47,03,quantile,0.45,3,9.5105,ARI
2025,47,03,quantile,0.45,4,9.9522,ARI
2025,47,03,quantile,0.5,-1,6.7881,ARI
2025,47,03,quantile,0.5,0,7.7022,ARI
2025,47,03,quantile,0.5,1,8.4831,ARI
2025,47,03,quantile,0.5,2,9.2808,ARI
2025,47,03,quantile,0.5,3,10.0173,ARI
2025,47,03,quantile,0.5,4,10.4418,ARI
2025,47,03,quantile,0.55,-1,7.445,ARI
2025,47,03,quantile,0.55,0,8.3646,ARI
2025,47,03,quantile,0.55,1,9.2174,ARI
2025,47,03,quantile,0.55,2,10.0571,ARI
2025,47,03,quantile,0.55,3,10.7415,ARI
2025,47,03,quantile,0.55,4,10.9069,ARI
2025,47,03,quantile,0.6,-1,8.1961,ARI
2025,47,03,quantile,0.6,0,9.0148,ARI
2025,47,03,quantile,0.6,1,9.9541,ARI
2025,47,03,quantile,0.6,2,10.6757,ARI
2025,47,03,quantile,0.6,3,11.1082,ARI
2025,47,03,quantile,0.6,4,11.5587,ARI
2025,47,03,quantile,0.65,-1,8.867,ARI
2025,47,03,quantile,0.65,0,10.0581,ARI
2025,47,03,quantile,0.65,1,10.7443,ARI
2025,47,03,quantile,0.65,2,11.6686,ARI
2025,47,03,quantile,0.65,3,11.8829,ARI
2025,47,03,quantile,0.65,4,12.2165,ARI
2025,47,03,quantile,0.7,-1,9.4269,ARI
2025,47,03,quantile,0.7,0,10.5986,ARI
2025,47,03,quantile,0.7,1,11.6317,ARI
2025,47,03,quantile,0.7,2,12.4186,ARI
2025,47,03,quantile,0.7,3,12.4879,ARI
2025,47,03,quantile,0.7,4,12.6741,ARI
2025,47,03,quantile,0.75,-1,10.3538,ARI
2025,47,03,quantile,0.75,0,11.3332,ARI
2025,47,03,quantile,0.75,1,12.3107,ARI
2025,47,03,quantile,0.75,2,12.8809,ARI
2025,47,03,quantile,0.75,3,13.4051,ARI
2025,47,03,quantile,0.75,4,13.3954,ARI
2025,47,03,quantile,0.8,-1,11.6302,ARI
2025,47,03,quantile,0.8,0,12.4924,ARI
2025,47,03,quantile,0.8,1,12.9887,ARI
2025,47,03,quantile,0.8,2,13.6032,ARI
2025,47,03,quantile,0.8,3,14.0634,ARI
2025,47,03,quantile,0.8,4,14.3569,ARI
2025,47,03,quantile,0.85,-1,13.1839,ARI
2025,47,03,quantile,0.85,0,13.4093,ARI
2025,47,03,quantile,0.85,1,14.1056,ARI
2025,47,03,quantile,0.85,2,14.5261,ARI
2025,47,03,quantile,0.85,3,14.7766,ARI
2025,47,03,quantile,0.85,4,14.7851,ARI
2025,47,03,quantile,0.9,-1,14.7447,ARI
2025,47,03,quantile,0.9,0,15.2327,ARI
2025,47,03,quantile,0.9,1,15.4096,ARI
2025,47,03,quantile,0.9,2,15.5644,ARI
2025,47,03,quantile,0.9,3,15.6463,ARI
2025,47,03,quantile,0.9,4,15.9134,ARI
2025,47,03,quantile,0.95,-1,16.8544,ARI
2025,47,03,quantile,0.95,0,17.3106,ARI
2025,47,03,quantile,0.95,1,17.7239,ARI
2025,47,03,quantile,0.95,2,17.8714,ARI
2025,47,03,quantile,0.95,3,18.1452,ARI
2025,47,03,quantile,0.95,4,18.1342,ARI
2025,47,03,quantile,0.975,-1,19.0416,ARI
2025,47,03,quantile,0.975,0,18.803,ARI
2025,47,03,quantile,0.975,1,19.7643,ARI
2025,47,03,quantile,0.975,2,20.4832,ARI
2025,47,03,quantile,0.975,3,20.3874,ARI
2025,47,03,quantile,0.975,4,19.8474,ARI
2025,47,03,quantile,0.99,-1,20.592,ARI
2025,47,03,quantile,0.99,0,20.5787,ARI
2025,47,03,quantile,0.99,1,20.8692,ARI
2025,47,03,quantile,0.99,2,22.0875,ARI
2025,47,03,quantile,0.99,3,22.8066,ARI
2025,47,03,quantile,0.99,4,23.0143,ARI
2025,47,04,quantile,0.01,-1,0.5769,ARI
2025,47,04,quantile,0.01,0,0.7565,ARI
2025,47,04,quantile,0.01,1,0.8391,ARI
2025,47,04,quantile,0.01,2,0.908,ARI
2025,47,04,quantile,0.01,3,1.1228,ARI
2025,47,04,quantile,0.01,4,0.8704,ARI
2025,47,04,quantile,0.025,-1,1.4516,ARI
2025,47,04,quantile,0.025,0,1.5861,ARI
2025,47,04,quantile,0.025,1,1.7862,ARI
2025,47,04,quantile,0.025,2,1.6921,ARI
2025,47,04,quantile,0.025,3,1.4471,ARI
2025,47,04,quantile,0.025,4,1.3375,ARI
2025,47,04,quantile,0.05,-1,1.7447,ARI
2025,47,04,quantile,0.05,0,2.1129,ARI
2025,47,04,quantile,0.05,1,2.4396,ARI
2025,47,04,quantile,0.05,2,2.4314,ARI
2025,47,04,quantile,0.05,3,2.1319,ARI
2025,47,04,quantile,0.05,4,1.708,ARI
2025,47,04,quantile,0.1,-1,2.5201,ARI
2025,47,04,quantile,0.1,0,3.0652,ARI
2025,47,04,quantile,0.1,1,3.2015,ARI
2025,47,04,quantile,0.1,2,3.0752,ARI
2025,47,04,quantile,0.1,3,2.8958,ARI
2025,47,04,quantile,0.1,4,2.7546,ARI
2025,47,04,quantile,0.15,-1,3.2323,ARI
2025,47,04,quantile,0.15,0,3.742,ARI
2025,47,04,quantile,0.15,1,3.9585,ARI
2025,47,04,quantile,0.15,2,3.7918,ARI
2025,47,04,quantile,0.15,3,3.8836,ARI
2025,47,04,quantile,0.15,4,3.7564,ARI
2025,47,04,quantile,0.2,-1,4.1368,ARI
2025,47,04,quantile,0.2,0,4.5959,ARI
2025,47,04,quantile,0.2,1,4.9102,ARI
2025,47,04,quantile,0.2,2,4.9862,ARI
2025,47,04,quantile,0.2,3,4.7606,ARI
2025,47,04,quantile,0.2,4,4.9222,ARI
2025,47,04,quantile,0.25,-1,4.8151,ARI
2025,47,04,quantile,0.25,0,5.4159,ARI
2025,47,04,quantile,0.25,1,5.5165,ARI
2025,47,04,quantile,0.25,2,5.9969,ARI
2025,47,04,quantile,0.25,3,6.3908,ARI
2025,47,04,quantile,0.25,4,6.4184,ARI
2025,47,04,quantile,0.3,-1,5.3856,ARI
2025,47,04,quantile,0.3,0,5.8914,ARI
2025,47,04,quantile,0.3,1,6.3315,ARI
2025,47,04,quantile,0.3,2,6.7843,ARI
2025,47,04,quantile,0.3,3,7.0971,ARI
2025,47,04,quantile,0.3,4,7.5659,ARI
2025,47,04,quantile,0.35,-1,5.8952,ARI
2025,47,04,quantile,0.35,0,6.4039,ARI
2025,47,04,quantile,0.35,1,6.8947,ARI
2025,47,04,quantile,0.35,2,7.5418,ARI
2025,47,04,quantile,0.35,3,7.9237,ARI
2025,47,04,quantile,0.35,4,8.4938,ARI
2025,47,04,quantile,0.4,-1,6.2304,ARI
2025,47,04,quantile,0.4,0,7.0087,ARI
2025,47,04,quantile,0.4,1,7.597,ARI
2025,47,04,quantile,0.4,2,8.186,ARI
2025,47,04,quantile,0.4,3,9.0068,ARI
2025,47,04,quantile,0.4,4,9.0931,ARI
2025,47,04,quantile,0.45,-1,6.749,ARI
2025,47,04,quantile,0.45,0,7.4322,ARI
2025,47,04,quantile,0.45,1,8.0988,ARI
2025,47,04,quantile,0.45,2,8.7892,ARI
2025,47,04,quantile,0.45,3,9.6405,ARI
2025,47,04,quantile,0.45,4,9.9357,ARI
2025,47,04,quantile,0.5,-1,7.2279,ARI
2025,47,04,quantile,0.5,0,7.8907,ARI
2025,47,04,quantile,0.5,1,8.7558,ARI
2025,47,04,quantile,0.5,2,9.5678,ARI
2025,47,04,quantile,0.5,3,10.252,ARI
2025,47,04,quantile,0.5,4,10.6121,ARI
2025,47,04,quantile,0.55,-1,7.9827,ARI
2025,47,04,quantile,0.55,0,8.4283,ARI
2025,47,04,quantile,0.55,1,9.2884,ARI
2025,47,04,quantile,0.55,2,10.1707,ARI
2025,47,04,quantile,0.55,3,10.7051,ARI
2025,47,04,quantile,0.55,4,11.374,ARI
2025,47,04,quantile,0.6,-1,8.6373,ARI
2025,47,04,quantile,0.6,0,9.1129,ARI
2025,47,04,quantile,0.6,1,9.8013,ARI
2025,47,04,quantile,0.6,2,10.7522,ARI
2025,47,04,quantile,0.6,3,11.2723,ARI
2025,47,04,quantile,0.6,4,11.8232,ARI
2025,47,04,quantile,0.65,-1,9.4194,ARI
2025,47,04,quantile,0.65,0,10.0138,ARI
2025,47,04,quantile,0.65,1,10.3267,ARI
2025,47,04,quantile,0.65,2,11.1625,ARI
2025,47,04,quantile,0.65,3,11.7143,ARI
2025,47,04,quantile,0.65,4,12.2517,ARI
2025,47,04,quantile,0.7,-1,10.0908,ARI
2025,47,04,quantile,0.7,0,10.5991,ARI
2025,47,04,quantile,0.7,1,11.1131,ARI
2025,47,04,quantile,0.7,2,11.7187,ARI
2025,47,04,quantile,0.7,3,12.4804,ARI
2025,47,04,quantile,0.7,4,12.7737,ARI
2025,47,04,quantile,0.75,-1,10.6068,ARI
2025,47,04,quantile,0.75,0,11.1026,ARI
2025,47,04,quantile,0.75,1,11.9291,ARI
2025,47,04,quantile,0.75,2,12.5558,ARI
2025,47,04,quantile,0.75,3,12.8,ARI
2025,47,04,quantile,0.75,4,13.3211,ARI
2025,47,04,quantile,0.8,-1,11.4211,ARI
2025,47,04,quantile,0.8,0,11.8128,ARI
2025,47,04,quantile,0.8,1,12.5208,ARI
2025,47,04,quantile,0.8,2,13.1027,ARI
2025,47,04,quantile,0.8,3,13.5395,ARI
2025,47,04,quantile,0.8,4,13.8716,ARI
2025,47,04,quantile,0.85,-1,12.2106,ARI
2025,47,04,quantile,0.85,0,12.7792,ARI
2025,47,04,quantile,0.85,1,13.4339,ARI
2025,47,04,quantile,0.85,2,13.6073,ARI
2025,47,04,quantile,0.85,3,14.0726,ARI
2025,47,04,quantile,0.85,4,14.4778,ARI
2025,47,04,quantile,0.9,-1,13.5307,ARI
2025,47,04,quantile,0.9,0,13.7997,ARI
2025,47,04,quantile,0.9,1,14.389,ARI
2025,47,04,quantile,0.9,2,14.6149,ARI
2025,47,04,quantile,0.9,3,15.2387,ARI
2025,47,04,quantile,0.9,4,15.1369,ARI
2025,47,04,quantile,0.95,-1,16.4869,ARI
2025,47,04,quantile,0.95,0,16.1303,ARI
2025,47,04,quantile,0.95,1,15.9468,ARI
2025,47,04,quantile,0.95,2,16.2685,ARI
2025,47,04,quantile,0.95,3,16.5251,ARI
2025,47,04,quantile,0.95,4,16.6451,ARI
2025,47,04,quantile,0.975,-1,19.5083,ARI
2025,47,04,quantile,0.975,0,17.1018,ARI
2025,47,04,quantile,0.975,1,16.8649,ARI
2025,47,04,quantile,0.975,2,17.5212,ARI
2025,47,04,quantile,0.975,3,17.1398,ARI
2025,47,04,quantile,0.975,4,17.8078,ARI
2025,47,04,quantile,0.99,-1,22.5651,ARI
2025,47,04,quantile,0.99,0,21.2436,ARI
2025,47,04,quantile,0.99,1,19.7988,ARI
2025,47,04,quantile,0.99,2,18.3249,ARI
2025,47,04,quantile,0.99,3,18.2847,ARI
2025,47,04,quantile,0.99,4,18.8858,ARI
2025,47,05,quantile,0.01,-1,0.9345,ARI
2025,47,05,quantile,0.01,0,1.1498,ARI
2025,47,05,quantile,0.01,1,1.3283,ARI
2025,47,05,quantile,0.01,2,1.2231,ARI
2025,47,05,quantile,0.01,3,1.1984,ARI
2025,47,05,quantile,0.01,4,0.9431,ARI
2025,47,05,quantile,0.025,-1,1.5712,ARI
2025,47,05,quantile,0.025,0,1.9849,ARI
2025,47,05,quantile,0.025,1,1.9746,ARI
2025,47,05,quantile,0.025,2,1.7759,ARI
2025,47,05,quantile,0.025,3,1.6147,ARI
2025,47,05,quantile,0.025,4,1.4054,ARI
2025,47,05,quantile,0.05,-1,2.2122,ARI
2025,47,05,quantile,0.05,0,2.5719,ARI
2025,47,05,quantile,0.05,1,2.8028,ARI
2025,47,05,quantile,0.05,2,2.7699,ARI
2025,47,05,quantile,0.05,3,2.6466,ARI
2025,47,05,quantile,0.05,4,2.1316,ARI
2025,47,05,quantile,0.1,-1,2.938,ARI
2025,47,05,quantile,0.1,0,3.3193,ARI
2025,47,05,quantile,0.1,1,3.6985,ARI
2025,47,05,quantile,0.1,2,3.9003,ARI
2025,47,05,quantile,0.1,3,4.1236,ARI
2025,47,05,quantile,0.1,4,3.7398,ARI
2025,47,05,quantile,0.15,-1,3.628,ARI
2025,47,05,quantile,0.15,0,4.1909,ARI
2025,47,05,quantile,0.15,1,4.6845,ARI
2025,47,05,quantile,0.15,2,4.9934,ARI
2025,47,05,quantile,0.15,3,4.973,ARI
2025,47,05,quantile,0.15,4,5.1301,ARI
2025,47,05,quantile,0.2,-1,4.0926,ARI
2025,47,05,quantile,0.2,0,4.7522,ARI
2025,47,05,quantile,0.2,1,5.371,ARI
2025,47,05,quantile,0.2,2,5.7853,ARI
2025,47,05,quantile,0.2,3,6.0445,ARI
2025,47,05,quantile,0.2,4,6.5046,ARI
2025,47,05,quantile,0.25,-1,4.7246,ARI
2025,47,05,quantile,0.25,0,5.3527,ARI
2025,47,05,quantile,0.25,1,6.0043,ARI
2025,47,05,quantile,0.25,2,6.5048,ARI
2025,47,05,quantile,0.25,3,6.8763,ARI
2025,47,05,quantile,0.25,4,7.2698,ARI
2025,47,05,quantile,0.3,-1,5.4626,ARI
2025,47,05,quantile,0.3,0,6.1968,ARI
2025,47,05,quantile,0.3,1,6.7271,ARI
2025,47,05,quantile,0.3,2,7.295,ARI
2025,47,05,quantile,0.3,3,7.9023,ARI
2025,47,05,quantile,0.3,4,8.2806,ARI
2025,47,05,quantile,0.35,-1,5.9795,ARI
2025,47,05,quantile,0.35,0,6.7066,ARI
2025,47,05,quantile,0.35,1,7.3301,ARI
2025,47,05,quantile,0.35,2,7.7351,ARI
2025,47,05,quantile,0.35,3,8.5595,ARI
2025,47,05,quantile,0.35,4,9.074,ARI
2025,47,05,quantile,0.4,-1,6.6178,ARI
2025,47,05,quantile,0.4,0,7.398,ARI
2025,47,05,quantile,0.4,1,7.8173,ARI
2025,47,05,quantile,0.4,2,8.6953,ARI
2025,47,05,quantile,0.4,3,9.1973,ARI
2025,47,05,quantile,0.4,4,9.7006,ARI
2025,47,05,quantile,0.45,-1,7.2326,ARI
2025,47,05,quantile,0.45,0,8.1187,ARI
2025,47,05,quantile,0.45,1,8.3857,ARI
2025,47,05,quantile,0.45,2,9.1806,ARI
2025,47,05,quantile,0.45,3,9.9957,ARI
2025,47,05,quantile,0.45,4,10.4246,ARI
2025,47,05,quantile,0.5,-1,7.7925,ARI
2025,47,05,quantile,0.5,0,8.5617,ARI
2025,47,05,quantile,0.5,1,9.3301,ARI
2025,47,05,quantile,0.5,2,9.8351,ARI
2025,47,05,quantile,0.5,3,10.5596,ARI
2025,47,05,quantile,0.5,4,10.9445,ARI
2025,47,05,quantile,0.55,-1,8.6386,ARI
2025,47,05,quantile,0.55,0,9.4032,ARI
2025,47,05,quantile,0.55,1,10.2104,ARI
2025,47,05,quantile,0.55,2,10.7199,ARI
2025,47,05,quantile,0.55,3,11.184,ARI
2025,47,05,quantile,0.55,4,11.5911,ARI
2025,47,05,quantile,0.6,-1,9.2468,ARI
2025,47,05,quantile,0.6,0,9.9903,ARI
2025,47,05,quantile,0.6,1,10.6125,ARI
2025,47,05,quantile,0.6,2,11.24,ARI
2025,47,05,quantile,0.6,3,11.6596,ARI
2025,47,05,quantile,0.6,4,11.9851,ARI
2025,47,05,quantile,0.65,-1,9.8738,ARI
2025,47,05,quantile,0.65,0,10.6166,ARI
2025,47,05,quantile,0.65,1,11.3527,ARI
2025,47,05,quantile,0.65,2,12.1549,ARI
2025,47,05,quantile,0.65,3,12.444,ARI
2025,47,05,quantile,0.65,4,12.5559,ARI
2025,47,05,quantile,0.7,-1,10.9588,ARI
2025,47,05,quantile,0.7,0,11.2564,ARI
2025,47,05,quantile,0.7,1,12.0532,ARI
2025,47,05,quantile,0.7,2,12.6951,ARI
2025,47,05,quantile,0.7,3,13.0069,ARI
2025,47,05,quantile,0.7,4,13.2353,ARI
2025,47,05,quantile,0.75,-1,11.7952,ARI
2025,47,05,quantile,0.75,0,12.364,ARI
2025,47,05,quantile,0.75,1,12.6903,ARI
2025,47,05,quantile,0.75,2,13.2495,ARI
2025,47,05,quantile,0.75,3,13.8682,ARI
2025,47,05,quantile,0.75,4,13.6572,ARI
2025,47,05,quantile,0.8,-1,12.3601,ARI
2025,47,05,quantile,0.8,0,12.9923,ARI
2025,47,05,quantile,0.8,1,13.6219,ARI
2025,47,05,quantile,0.8,2,13.9099,ARI
2025,47,05,quantile,0.8,3,14.376,ARI
2025,47,05,quantile,0.8,4,14.3513,ARI
2025,47,05,quantile,0.85,-1,13.7248,ARI
2025,47,05,quantile,0.85,0,13.7566,ARI
2025,47,05,quantile,0.85,1,14.47,ARI
2025,47,05,quantile,0.85,2,14.9015,ARI
2025,47,05,quantile,0.85,3,14.9242,ARI
2025,47,05,quantile,0.85,4,14.9269,ARI
2025,47,05,quantile,0.9,-1,15.0535,ARI
2025,47,05,quantile,0.9,0,15.7946,ARI
2025,47,05,quantile,0.9,1,15.7361,ARI
2025,47,05,quantile,0.9,2,16.0176,ARI
2025,47,05,quantile,0.9,3,15.8932,ARI
2025,47,05,quantile,0.9,4,15.8981,ARI
2025,47,05,quantile,0.95,-1,17.0123,ARI
2025,47,05,quantile,0.95,0,17.6171,ARI
2025,47,05,quantile,0.95,1,18.0706,ARI
2025,47,05,quantile,0.95,2,17.7232,ARI
2025,47,05,quantile,0.95,3,17.4165,ARI
2025,47,05,quantile,0.95,4,17.5239,ARI
2025,47,05,quantile,0.975,-1,19.0002,ARI
2025,47,05,quantile,0.975,0,18.3617,ARI
2025,47,05,quantile,0.975,1,19.3997,ARI
2025,47,05,quantile,0.975,2,19.5243,ARI
2025,47,05,quantile,0.975,3,19.3214,ARI
2025,47,05,quantile,0.975,4,18.553,ARI
2025,47,05,quantile,0.99,-1,22.6614,ARI
2025,47,05,quantile,0.99,0,24.0053,ARI
2025,47,05,quantile,0.99,1,21.9,ARI
2025,47,05,quantile,0.99,2,22.9123,ARI
2025,47,05,quantile,0.99,3,23.9739,ARI
2025,47,05,quantile,0.99,4,22.6794,ARI
2025,47,06,quantile,0.01,-1,0.8626,ARI
2025,47,06,quantile,0.01,0,1.0118,ARI
2025,47,06,quantile,0.01,1,1.2072,ARI
2025,47,06,quantile,0.01,2,1.4586,ARI
2025,47,06,quantile,0.01,3,1.6732,ARI
2025,47,06,quantile,0.01,4,1.842,ARI
2025,47,06,quantile,0.025,-1,0.9779,ARI
2025,47,06,quantile,0.025,0,1.1672,ARI
2025,47,06,quantile,0.025,1,1.3652,ARI
2025,47,06,quantile,0.025,2,1.705,ARI
2025,47,06,quantile,0.025,3,2.1081,ARI
2025,47,06,quantile,0.025,4,2.2073,ARI
2025,47,06,quantile,0.05,-1,1.6239,ARI
2025,47,06,quantile,0.05,0,1.9689,ARI
2025,47,06,quantile,0.05,1,2.2021,ARI
2025,47,06,quantile,0.05,2,2.4807,ARI
2025,47,06,quantile,0.05,3,2.8394,ARI
2025,47,06,quantile,0.05,4,3.0768,ARI
2025,47,06,quantile,0.1,-1,2.327,ARI
2025,47,06,quantile,0.1,0,2.7438,ARI
2025,47,06,quantile,0.1,1,3.154,ARI
2025,47,06,quantile,0.1,2,3.6577,ARI
2025,47,06,quantile,0.1,3,4.1511,ARI
2025,47,06,quantile,0.1,4,4.7096,ARI
2025,47,06,quantile,0.15,-1,2.7883,ARI
2025,47,06,quantile,0.15,0,3.4291,ARI
2025,47,06,quantile,0.15,1,4.0415,ARI
2025,47,06,quantile,0.15,2,4.6093,ARI
2025,47,06,quantile,0.15,3,5.0303,ARI
2025,47,06,quantile,0.15,4,5.5573,ARI
2025,47,06,quantile,0.2,-1,3.0905,ARI
2025,47,06,quantile,0.2,0,3.7111,ARI
2025,47,06,quantile,0.2,1,4.5366,ARI
2025,47,06,quantile,0.2,2,5.1967,ARI
2025,47,06,quantile,0.2,3,5.9937,ARI
2025,47,06,quantile,0.2,4,6.4752,ARI
2025,47,06,quantile,0.25,-1,3.5386,ARI
2025,47,06,quantile,0.25,0,4.2583,ARI
2025,47,06,quantile,0.25,1,5.0609,ARI
2025,47,06,quantile,0.25,2,5.8388,ARI
2025,47,06,quantile,0.25,3,6.6259,ARI
2025,47,06,quantile,0.25,4,7.1614,ARI
2025,47,06,quantile,0.3,-1,4.1832,ARI
2025,47,06,quantile,0.3,0,4.8665,ARI
2025,47,06,quantile,0.3,1,5.7214,ARI
2025,47,06,quantile,0.3,2,6.6536,ARI
2025,47,06,quantile,0.3,3,7.2042,ARI
2025,47,06,quantile,0.3,4,7.9086,ARI
2025,47,06,quantile,0.35,-1,4.7756,ARI
2025,47,06,quantile,0.35,0,5.5491,ARI
2025,47,06,quantile,0.35,1,6.413,ARI
2025,47,06,quantile,0.35,2,7.1897,ARI
2025,47,06,quantile,0.35,3,8.015,ARI
2025,47,06,quantile,0.35,4,8.7181,ARI
2025,47,06,quantile,0.4,-1,5.1832,ARI
2025,47,06,quantile,0.4,0,6.1639,ARI
2025,47,06,quantile,0.4,1,6.9436,ARI
2025,47,06,quantile,0.4,2,7.8424,ARI
2025,47,06,quantile,0.4,3,8.596,ARI
2025,47,06,quantile,0.4,4,9.3741,ARI
2025,47,06,quantile,0.45,-1,5.6398,ARI
2025,47,06,quantile,0.45,0,6.7256,ARI
2025,47,06,quantile,0.45,1,7.6293,ARI
2025,47,06,quantile,0.45,2,8.3995,ARI
2025,47,06,quantile,0.45,3,9.0962,ARI
2025,47,06,quantile,0.45,4,9.7387,ARI
2025,47,06,quantile,0.5,-1,6.2701,ARI
2025,47,06,quantile,0.5,0,7.166,ARI
2025,47,06,quantile,0.5,1,8.1474,ARI
2025,47,06,quantile,0.5,2,8.8491,ARI
2025,47,06,quantile,0.5,3,9.6278,ARI
2025,47,06,quantile,0.5,4,10.2659,ARI
2025,47,06,quantile,0.55,-1,6.8194,ARI
2025,47,06,quantile,0.55,0,7.6171,ARI
2025,47,06,quantile,0.55,1,8.771,ARI
2025,47,06,quantile,0.55,2,9.7003,ARI
2025,47,06,quantile,0.55,3,10.4534,ARI
2025,47,06,quantile,0.55,4,10.7236,ARI
2025,47,06,quantile,0.6,-1,7.6642,ARI
2025,47,06,quantile,0.6,0,8.5347,ARI
2025,47,06,quantile,0.6,1,9.5365,ARI
2025,47,06,quantile,0.6,2,10.3478,ARI
2025,47,06,quantile,0.6,3,11.0696,ARI
2025,47,06,quantile,0.6,4,11.5673,ARI
2025,47,06,quantile,0.65,-1,8.3615,ARI
2025,47,06,quantile,0.65,0,9.3958,ARI
2025,47,06,quantile,0.65,1,10.1709,ARI
2025,47,06,quantile,0.65,2,11.1774,ARI
2025,47,06,quantile,0.65,3,11.8088,ARI
2025,47,06,quantile,0.65,4,12.0233,ARI
2025,47,06,quantile,0.7,-1,9.2626,ARI
2025,47,06,quantile,0.7,0,10.3509,ARI
2025,47,06,quantile,0.7,1,11.1087,ARI
2025,47,06,quantile,0.7,2,11.925,ARI
2025,47,06,quantile,0.7,3,12.2522,ARI
2025,47,06,quantile,0.7,4,12.6647,ARI
2025,47,06,quantile,0.75,-1,10.1244,ARI
2025,47,06,quantile,0.75,0,11.3347,ARI
2025,47,06,quantile,0.75,1,12.1641,ARI
2025,47,06,quantile,0.75,2,12.5472,ARI
2025,47,06,quantile,0.75,3,12.9797,ARI
2025,47,06,quantile,0.75,4,13.0408,ARI
2025,47,06,quantile,0.8,-1,11.2965,ARI
2025,47,06,quantile,0.8,0,12.3236,ARI
2025,47,06,quantile,0.8,1,13.1335,ARI
2025,47,06,quantile,0.8,2,13.3698,ARI
2025,47,06,quantile,0.8,3,13.6816,ARI
2025,47,06,quantile,0.8,4,13.7767,ARI
2025,47,06,quantile,0.85,-1,12.4389,ARI
2025,47,06,quantile,0.85,0,13.2963,ARI
2025,47,06,quantile,0.85,1,14.0299,ARI
2025,47,06,quantile,0.85,2,14.4668,ARI
2025,47,06,quantile,0.85,3,14.3622,ARI
2025,47,06,quantile,0.85,4,14.6711,ARI
2025,47,06,quantile,0.9,-1,13.8916,ARI
2025,47,06,quantile,0.9,0,14.5809,ARI
2025,47,06,quantile,0.9,1,14.8527,ARI
2025,47,06,quantile,0.9,2,15.4921,ARI
2025,47,06,quantile,0.9,3,15.4738,ARI
2025,47,06,quantile,0.9,4,15.5809,ARI
2025,47,06,quantile,0.95,-1,16.6728,ARI
2025,47,06,quantile,0.95,0,15.9877,ARI
2025,47,06,quantile,0.95,1,16.3663,ARI
2025,47,06,quantile,0.95,2,16.7387,ARI
2025,47,06,quantile,0.95,3,16.9487,ARI
2025,47,06,quantile,0.95,4,16.9458,ARI
2025,47,06,quantile,0.975,-1,19.2905,ARI
2025,47,06,quantile,0.975,0,18.4925,ARI
2025,47,06,quantile,0.975,1,17.6088,ARI
2025,47,06,quantile,0.975,2,17.6132,ARI
2025,47,06,quantile,0.975,3,18.1991,ARI
2025,47,06,quantile,0.975,4,18.6252,ARI
2025,47,06,quantile,0.99,-1,22.2215,ARI
2025,47,06,quantile,0.99,0,20.9099,ARI
2025,47,06,quantile,0.99,1,20.3166,ARI
2025,47,06,quantile,0.99,2,20.9332,ARI
2025,47,06,quantile,0.99,3,20.8286,ARI
2025,47,06,quantile,0.99,4,21.5313,ARI
2025,47,07,quantile,0.01,-1,0.7323,ARI
2025,47,07,quantile,0.01,0,0.9377,ARI
2025,47,07,quantile,0.01,1,1.2186,ARI
2025,47,07,quantile,0.01,2,1.5027,ARI
2025,47,07,quantile,0.01,3,1.2998,ARI
2025,47,07,quantile,0.01,4,1.0401,ARI
2025,47,07,quantile,0.025,-1,1.4062,ARI
2025,47,07,quantile,0.025,0,1.5782,ARI
2025,47,07,quantile,0.025,1,1.9524,ARI
2025,47,07,quantile,0.025,2,1.9329,ARI
2025,47,07,quantile,0.025,3,1.8188,ARI
2025,47,07,quantile,0.025,4,1.4227,ARI
2025,47,07,quantile,0.05,-1,1.9117,ARI
2025,47,07,quantile,0.05,0,2.3971,ARI
2025,47,07,quantile,0.05,1,2.5877,ARI
2025,47,07,quantile,0.05,2,2.5025,ARI
2025,47,07,quantile,0.05,3,2.2133,ARI
2025,47,07,quantile,0.05,4,2.0204,ARI
2025,47,07,quantile,0.1,-1,2.9005,ARI
2025,47,07,quantile,0.1,0,3.3044,ARI
2025,47,07,quantile,0.1,1,3.5711,ARI
2025,47,07,quantile,0.1,2,3.4163,ARI
2025,47,07,quantile,0.1,3,3.2655,ARI
2025,47,07,quantile,0.1,4,2.7965,ARI
2025,47,07,quantile,0.15,-1,3.5964,ARI
2025,47,07,quantile,0.15,0,4.2057,ARI
2025,47,07,quantile,0.15,1,4.3704,ARI
2025,47,07,quantile,0.15,2,4.2883,ARI
2025,47,07,quantile,0.15,3,4.3826,ARI
2025,47,07,quantile,0.15,4,4.5262,ARI
2025,47,07,quantile,0.2,-1,4.3213,ARI
2025,47,07,quantile,0.2,0,4.6373,ARI
2025,47,07,quantile,0.2,1,4.9458,ARI
2025,47,07,quantile,0.2,2,5.0466,ARI
2025,47,07,quantile,0.2,3,5.2517,ARI
2025,47,07,quantile,0.2,4,5.6711,ARI
2025,47,07,quantile,0.25,-1,5.0233,ARI
2025,47,07,quantile,0.25,0,5.3269,ARI
2025,47,07,quantile,0.25,1,5.461,ARI
2025,47,07,quantile,0.25,2,5.9778,ARI
2025,47,07,quantile,0.25,3,6.3523,ARI
2025,47,07,quantile,0.25,4,6.2173,ARI
2025,47,07,quantile,0.3,-1,5.5327,ARI
2025,47,07,quantile,0.3,0,6.0084,ARI
2025,47,07,quantile,0.3,1,6.2546,ARI
2025,47,07,quantile,0.3,2,6.8361,ARI
2025,47,07,quantile,0.3,3,7.1871,ARI
2025,47,07,quantile,0.3,4,7.3991,ARI
2025,47,07,quantile,0.35,-1,6.2615,ARI
2025,47,07,quantile,0.35,0,6.6343,ARI
2025,47,07,quantile,0.35,1,7.0614,ARI
2025,47,07,quantile,0.35,2,7.515,ARI
2025,47,07,quantile,0.35,3,7.8848,ARI
2025,47,07,quantile,0.35,4,8.1446,ARI
2025,47,07,quantile,0.4,-1,6.8593,ARI
2025,47,07,quantile,0.4,0,7.2115,ARI
2025,47,07,quantile,0.4,1,7.8056,ARI
2025,47,07,quantile,0.4,2,8.4399,ARI
2025,47,07,quantile,0.4,3,8.6995,ARI
2025,47,07,quantile,0.4,4,8.8359,ARI
2025,47,07,quantile,0.45,-1,7.2255,ARI
2025,47,07,quantile,0.45,0,7.8335,ARI
2025,47,07,quantile,0.45,1,8.521,ARI
2025,47,07,quantile,0.45,2,9.0819,ARI
2025,47,07,quantile,0.45,3,9.6004,ARI
2025,47,07,quantile,0.45,4,9.8931,ARI
2025,47,07,quantile,0.5,-1,7.757,ARI
2025,47,07,quantile,0.5,0,8.4041,ARI
2025,47,07,quantile,0.5,1,9.3717,ARI
2025,47,07,quantile,0.5,2,9.7164,ARI
2025,47,07,quantile,0.5,3,10.2443,ARI
2025,47,07,quantile,0.5,4,10.33,ARI
2025,47,07,quantile,0.55,-1,8.0995,ARI
2025,47,07,quantile,0.55,0,9.0401,ARI
2025,47,07,quantile,0.55,1,9.8877,ARI
2025,47,07,quantile,0.55,2,10.479,ARI
2025,47,07,quantile,0.55,3,10.7669,ARI
2025,47,07,quantile,0.55,4,11.0815,ARI
2025,47,07,quantile,0.6,-1,8.7094,ARI
2025,47,07,quantile,0.6,0,9.4893,ARI
2025,47,07,quantile,0.6,1,10.5652,ARI
2025,47,07,quantile,0.6,2,11.1761,ARI
2025,47,07,quantile,0.6,3,11.5728,ARI
2025,47,07,quantile,0.6,4,11.7258,ARI
2025,47,07,quantile,0.65,-1,9.3664,ARI
2025,47,07,quantile,0.65,0,10.0497,ARI
2025,47,07,quantile,0.65,1,11.0983,ARI
2025,47,07,quantile,0.65,2,11.7108,ARI
2025,47,07,quantile,0.65,3,12.0876,ARI
2025,47,07,quantile,0.65,4,12.2494,ARI
2025,47,07,quantile,0.7,-1,9.9292,ARI
2025,47,07,quantile,0.7,0,10.8321,ARI
2025,47,07,quantile,0.7,1,11.4886,ARI
2025,47,07,quantile,0.7,2,12.2382,ARI
2025,47,07,quantile,0.7,3,12.8292,ARI
2025,47,07,quantile,0.7,4,12.8997,ARI
2025,47,07,quantile,0.75,-1,11.1173,ARI
2025,47,07,quantile,0.75,0,11.5254,ARI
2025,47,07,quantile,0.75,1,11.9926,ARI
2025,47,07,quantile,0.75,2,12.7612,ARI
2025,47,07,quantile,0.75,3,13.4746,ARI
2025,47,07,quantile,0.75,4,13.5593,ARI
2025,47,07,quantile,0.8,-1,12.2435,ARI
2025,47,07,quantile,0.8,0,12.9922,ARI
2025,47,07,quantile,0.8,1,12.7629,ARI
2025,47,07,quantile,0.8,2,13.1657,ARI
2025,47,07,quantile,0.8,3,13.8536,ARI
2025,47,07,quantile,0.8,4,14.3404,ARI
2025,47,07,quantile,0.85,-1,13.7532,ARI
2025,47,07,quantile,0.85,0,13.8882,ARI
2025,47,07,quantile,0.85,1,14.0399,ARI
2025,47,07,quantile,0.85,2,14.0443,ARI
2025,47,07,quantile,0.85,3,14.439,ARI
2025,47,07,quantile,0.85,4,14.8141,ARI
2025,47,07,quantile,0.9,-1,14.7926,ARI
2025,47,07,quantile,0.9,0,15.1165,ARI
2025,47,07,quantile,0.9,1,15.254,ARI
2025,47,07,quantile,0.9,2,15.3152,ARI
2025,47,07,quantile,0.9,3,15.3638,ARI
2025,47,07,quantile,0.9,4,15.7344,ARI
2025,47,07,quantile,0.95,-1,16.9339,ARI
2025,47,07,quantile,0.95,0,16.5812,ARI
2025,47,07,quantile,0.95,1,16.9424,ARI
2025,47,07,quantile,0.95,2,17.1952,ARI
2025,47,07,quantile,0.95,3,16.8638,ARI
2025,47,07,quantile,0.95,4,17.0445,ARI
2025,47,07,quantile,0.975,-1,18.4557,ARI
2025,47,07,quantile,0.975,0,17.6055,ARI
2025,47,07,quantile,0.975,1,17.7292,ARI
2025,47,07,quantile,0.975,2,18.1308,ARI
2025,47,07,quantile,0.975,3,18.4484,ARI
2025,47,07,quantile,0.975,4,18.1843,ARI
2025,47,07,quantile,0.99,-1,21.3975,ARI
2025,47,07,quantile,0.99,0,20.2305,ARI
2025,47,07,quantile,0.99,1,19.2796,ARI
2025,47,07,quantile,0.99,2,19.1212,ARI
2025,47,07,quantile,0.99,3,19.3149,ARI
2025,47,07,quantile,0.99,4,19.7264,ARI
2025,47,08,quantile,0.01,-1,0.8131,ARI
2025,47,08,quantile,0.01,0,0.9561,ARI
2025,47,08,quantile,0.01,1,1.1701,ARI
2025,47,08,quantile,0.01,2,1.4104,ARI
2025,47,08,quantile,0.01,3,1.4699,ARI
2025,47,08,quantile,0.01,4,1.4161,ARI
2025,47,08,quantile,0.025,-1,1.1145,ARI
2025,47,08,quantile,0.025,0,1.3375,ARI
2025,47,08,quantile,0.025,1,1.6349,ARI
2025,47,08,quantile,0.025,2,1.8119,ARI
2025,47,08,quantile,0.025,3,1.9962,ARI
2025,47,08,quantile,0.025,4,2.0755,ARI
2025,47,08,quantile,0.05,-1,1.7786,ARI
2025,47,08,quantile,0.05,0,2.1934,ARI
2025,47,08,quantile,0.05,1,2.6098,ARI
2025,47,08,quantile,0.05,2,2.7664,ARI
2025,47,08,quantile,0.05,3,2.6323,ARI
2025,47,08,quantile,0.05,4,2.8793,ARI
2025,47,08,quantile,0.1,-1,2.5186,ARI
2025,47,08,quantile,0.1,0,2.8808,ARI
2025,47,08,quantile,0.1,1,3.2304,ARI
2025,47,08,quantile,0.1,2,3.7148,ARI
2025,47,08,quantile,0.1,3,4.1734,ARI
2025,47,08,quantile,0.1,4,4.8392,ARI
2025,47,08,quantile,0.15,-1,3.2438,ARI
2025,47,08,quantile,0.15,0,3.7053,ARI
2025,47,08,quantile,0.15,1,4.2227,ARI
2025,47,08,quantile,0.15,2,4.9148,ARI
2025,47,08,quantile,0.15,3,5.4097,ARI
2025,47,08,quantile,0.15,4,6.0339,ARI
2025,47,08,quantile,0.2,-1,3.8093,ARI
2025,47,08,quantile,0.2,0,4.5868,ARI
2025,47,08,quantile,0.2,1,5.0284,ARI
2025,47,08,quantile,0.2,2,5.7292,ARI
2025,47,08,quantile,0.2,3,6.3371,ARI
2025,47,08,quantile,0.2,4,6.9115,ARI
2025,47,08,quantile,0.25,-1,4.189,ARI
2025,47,08,quantile,0.25,0,5.0344,ARI
2025,47,08,quantile,0.25,1,5.8502,ARI
2025,47,08,quantile,0.25,2,6.6588,ARI
2025,47,08,quantile,0.25,3,7.3884,ARI
2025,47,08,quantile,0.25,4,7.982,ARI
2025,47,08,quantile,0.3,-1,4.5823,ARI
2025,47,08,quantile,0.3,0,5.3777,ARI
2025,47,08,quantile,0.3,1,6.3603,ARI
2025,47,08,quantile,0.3,2,7.2991,ARI
2025,47,08,quantile,0.3,3,8.1017,ARI
2025,47,08,quantile,0.3,4,8.4936,ARI
2025,47,08,quantile,0.35,-1,4.9973,ARI
2025,47,08,quantile,0.35,0,5.9601,ARI
2025,47,08,quantile,0.35,1,6.9544,ARI
2025,47,08,quantile,0.35,2,7.8568,ARI
2025,47,08,quantile,0.35,3,8.5655,ARI
2025,47,08,quantile,0.35,4,9.2227,ARI
2025,47,08,quantile,0.4,-1,5.7251,ARI
2025,47,08,quantile,0.4,0,6.5282,ARI
2025,47,08,quantile,0.4,1,7.6229,ARI
2025,47,08,quantile,0.4,2,8.5993,ARI
2025,47,08,quantile,0.4,3,9.3408,ARI
2025,47,08,quantile,0.4,4,9.931,ARI
2025,47,08,quantile,0.45,-1,6.1742,ARI
2025,47,08,quantile,0.45,0,7.1978,ARI
2025,47,08,quantile,0.45,1,8.3231,ARI
2025,47,08,quantile,0.45,2,9.1547,ARI
2025,47,08,quantile,0.45,3,9.999,ARI
2025,47,08,quantile,0.45,4,10.5356,ARI
2025,47,08,quantile,0.5,-1,6.8266,ARI
2025,47,08,quantile,0.5,0,7.9548,ARI
2025,47,08,quantile,0.5,1,8.8854,ARI
2025,47,08,quantile,0.5,2,10.076,ARI
2025,47,08,quantile,0.5,3,10.5417,ARI
2025,47,08,quantile,0.5,4,11.1247,ARI
2025,47,08,quantile,0.55,-1,7.7647,ARI
2025,47,08,quantile,0.55,0,8.8768,ARI
2025,47,08,quantile,0.55,1,9.6787,ARI
2025,47,08,quantile,0.55,2,10.4095,ARI
2025,47,08,quantile,0.55,3,11.0949,ARI
2025,47,08,quantile,0.55,4,11.6573,ARI
2025,47,08,quantile,0.6,-1,8.4638,ARI
2025,47,08,quantile,0.6,0,9.6178,ARI
2025,47,08,quantile,0.6,1,10.6174,ARI
2025,47,08,quantile,0.6,2,11.1743,ARI
2025,47,08,quantile,0.6,3,11.5637,ARI
2025,47,08,quantile,0.6,4,12.0138,ARI
2025,47,08,quantile,0.65,-1,9.3415,ARI
2025,47,08,quantile,0.65,0,10.3108,ARI
2025,47,08,quantile,0.65,1,11.2675,ARI
2025,47,08,quantile,0.65,2,11.6139,ARI
2025,47,08,quantile,0.65,3,12.2261,ARI
2025,47,08,quantile,0.65,4,12.4705,ARI
2025,47,08,quantile,0.7,-1,9.9527,ARI
2025,47,08,quantile,0.7,0,11.1469,ARI
2025,47,08,quantile,0.7,1,11.8428,ARI
2025,47,08,quantile,0.7,2,12.4128,ARI
2025,47,08,quantile,0.7,3,12.9421,ARI
2025,47,08,quantile,0.7,4,13.0587,ARI
2025,47,08,quantile,0.75,-1,10.8236,ARI
2025,47,08,quantile,0.75,0,11.9611,ARI
2025,47,08,quantile,0.75,1,12.6665,ARI
2025,47,08,quantile,0.75,2,13.1859,ARI
2025,47,08,quantile,0.75,3,13.4024,ARI
2025,47,08,quantile,0.75,4,13.7785,ARI
2025,47,08,quantile,0.8,-1,11.8067,ARI
2025,47,08,quantile,0.8,0,12.5968,ARI
2025,47,08,quantile,0.8,1,13.1281,ARI
2025,47,08,quantile,0.8,2,13.9023,ARI
2025,47,08,quantile,0.8,3,14.3564,ARI
2025,47,08,quantile,0.8,4,14.4268,ARI
2025,47,08,quantile,0.85,-1,12.995,ARI
2025,47,08,quantile,0.85,0,13.538,ARI
2025,47,08,quantile,0.85,1,14.0491,ARI
2025,47,08,quantile,0.85,2,14.5658,ARI
2025,47,08,quantile,0.85,3,15.0693,ARI
2025,47,08,quantile,0.85,4,15.5832,ARI
2025,47,08,quantile,0.9,-1,14.8521,ARI
2025,47,08,quantile,0.9,0,15.1667,ARI
2025,47,08,quantile,0.9,1,15.1787,ARI
2025,47,08,quantile,0.9,2,15.8753,ARI
2025,47,08,quantile,0.9,3,16.1607,ARI
2025,47,08,quantile,0.9,4,16.4725,ARI
2025,47,08,quantile,0.95,-1,16.7113,ARI
2025,47,08,quantile,0.95,0,16.7901,ARI
2025,47,08,quantile,0.95,1,17.7073,ARI
2025,47,08,quantile,0.95,2,17.8645,ARI
2025,47,08,quantile,0.95,3,17.5833,ARI
2025,47,08,quantile,0.95,4,17.4849,ARI
2025,47,08,quantile,0.975,-1,19.1221,ARI
2025,47,08,quantile,0.975,0,19.8327,ARI
2025,47,08,quantile,0.975,1,20.3861,ARI
2025,47,08,quantile,0.975,2,20.5099,ARI
2025,47,08,quantile,0.975,3,20.0532,ARI
2025,47,08,quantile,0.975,4,19.5523,ARI
2025,47,08,quantile,0.99,-1,20.627,ARI
2025,47,08,quantile,0.99,0,21.786,ARI
2025,47,08,quantile,0.99,1,22.5294,ARI
2025,47,08,quantile,0.99,2,23.2375,ARI
2025,47,08,quantile,0.99,3,23.3367,ARI
2025,47,08,quantile,0.99,4,22.6172,ARI
2025,47,09,quantile,0.01,-1,1.0146,ARI
2025,47,09,quantile,0.01,0,1.1532,ARI
2025,47,09,quantile,0.01,1,1.2748,ARI
2025,47,09,quantile,0.01,2,1.2555,ARI
2025,47,09,quantile,0.01,3,1.1344,ARI
2025,47,09,quantile,0.01,4,0.7864,ARI
2025,47,09,quantile,0.025,-1,1.6517,ARI
2025,47,09,quantile,0.025,0,1.9471,ARI
2025,47,09,quantile,0.025,1,2.1058,ARI
2025,47,09,quantile,0.025,2,1.7357,ARI
2025,47,09,quantile,0.025,3,1.508,ARI
2025,47,09,quantile,0.025,4,1.2234,ARI
2025,47,09,quantile,0.05,-1,2.5439,ARI
2025,47,09,quantile,0.05,0,2.9256,ARI
2025,47,09,quantile,0.05,1,2.6687,ARI
2025,47,09,quantile,0.05,2,2.4891,ARI
2025,47,09,quantile,0.05,3,1.9633,ARI
2025,47,09,quantile,0.05,4,1.5492,ARI
2025,47,09,quantile,0.1,-1,3.6688,ARI
2025,47,09,quantile,0.1,0,3.9932,ARI
2025,47,09,quantile,0.1,1,3.8221,ARI
2025,47,09,quantile,0.1,2,3.1733,ARI
2025,47,09,quantile,0.1,3,3.0019,ARI
2025,47,09,quantile,0.1,4,2.4455,ARI
2025,47,09,quantile,0.15,-1,4.3887,ARI
2025,47,09,quantile,0.15,0,4.8217,ARI
2025,47,09,quantile,0.15,1,4.6257,ARI
2025,47,09,quantile,0.15,2,4.5354,ARI
2025,47,09,quantile,0.15,3,3.9787,ARI
2025,47,09,quantile,0.15,4,3.6035,ARI
2025,47,09,quantile,0.2,-1,5.1846,ARI
2025,47,09,quantile,0.2,0,5.4186,ARI
2025,47,09,quantile,0.2,1,5.6506,ARI
2025,47,09,quantile,0.2,2,5.398,ARI
2025,47,09,quantile,0.2,3,4.9883,ARI
2025,47,09,quantile,0.2,4,4.4264,ARI
2025,47,09,quantile,0.25,-1,5.9013,ARI
2025,47,09,quantile,0.25,0,6.0553,ARI
2025,47,09,quantile,0.25,1,6.1302,ARI
2025,47,09,quantile,0.25,2,6.2113,ARI
2025,47,09,quantile,0.25,3,6.1505,ARI
2025,47,09,quantile,0.25,4,5.383,ARI
2025,47,09,quantile,0.3,-1,6.3953,ARI
2025,47,09,quantile,0.3,0,6.7056,ARI
2025,47,09,quantile,0.3,1,6.8285,ARI
2025,47,09,quantile,0.3,2,6.9078,ARI
2025,47,09,quantile,0.3,3,6.8249,ARI
2025,47,09,quantile,0.3,4,7.1627,ARI
2025,47,09,quantile,0.35,-1,6.7543,ARI
2025,47,09,quantile,0.35,0,7.1685,ARI
2025,47,09,quantile,0.35,1,7.2441,ARI
2025,47,09,quantile,0.35,2,7.5398,ARI
2025,47,09,quantile,0.35,3,7.8954,ARI
2025,47,09,quantile,0.35,4,8.119,ARI
2025,47,09,quantile,0.4,-1,7.1377,ARI
2025,47,09,quantile,0.4,0,7.5984,ARI
2025,47,09,quantile,0.4,1,8.099,ARI
2025,47,09,quantile,0.4,2,8.1864,ARI
2025,47,09,quantile,0.4,3,8.4424,ARI
2025,47,09,quantile,0.4,4,8.8504,ARI
2025,47,09,quantile,0.45,-1,7.6397,ARI
2025,47,09,quantile,0.45,0,8.252,ARI
2025,47,09,quantile,0.45,1,8.4494,ARI
2025,47,09,quantile,0.45,2,8.6739,ARI
2025,47,09,quantile,0.45,3,9.0696,ARI
2025,47,09,quantile,0.45,4,9.668,ARI
2025,47,09,quantile,0.5,-1,8.1538,ARI
2025,47,09,quantile,0.5,0,8.4979,ARI
2025,47,09,quantile,0.5,1,8.9962,ARI
2025,47,09,quantile,0.5,2,9.1999,ARI
2025,47,09,quantile,0.5,3,9.9512,ARI
2025,47,09,quantile,0.5,4,10.3269,ARI
2025,47,09,quantile,0.55,-1,8.66,ARI
2025,47,09,quantile,0.55,0,8.9184,ARI
2025,47,09,quantile,0.55,1,9.4345,ARI
2025,47,09,quantile,0.55,2,9.9851,ARI
2025,47,09,quantile,0.55,3,10.4777,ARI
2025,47,09,quantile,0.55,4,10.9703,ARI
2025,47,09,quantile,0.6,-1,9.4659,ARI
2025,47,09,quantile,0.6,0,9.4563,ARI
2025,47,09,quantile,0.6,1,9.95,ARI
2025,47,09,quantile,0.6,2,10.7267,ARI
2025,47,09,quantile,0.6,3,11.3009,ARI
2025,47,09,quantile,0.6,4,11.6135,ARI
2025,47,09,quantile,0.65,-1,10.2395,ARI
2025,47,09,quantile,0.65,0,10.0619,ARI
2025,47,09,quantile,0.65,1,10.4048,ARI
2025,47,09,quantile,0.65,2,11.3001,ARI
2025,47,09,quantile,0.65,3,11.9233,ARI
2025,47,09,quantile,0.65,4,12.2077,ARI
2025,47,09,quantile,0.7,-1,11.1894,ARI
2025,47,09,quantile,0.7,0,10.8407,ARI
2025,47,09,quantile,0.7,1,10.9652,ARI
2025,47,09,quantile,0.7,2,11.7668,ARI
2025,47,09,quantile,0.7,3,12.3582,ARI
2025,47,09,quantile,0.7,4,12.8631,ARI
2025,47,09,quantile,0.75,-1,11.9975,ARI
2025,47,09,quantile,0.75,0,11.7053,ARI
2025,47,09,quantile,0.75,1,11.9355,ARI
2025,47,09,quantile,0.75,2,12.3604,ARI
2025,47,09,quantile,0.75,3,12.9855,ARI
2025,47,09,quantile,0.75,4,13.3408,ARI
2025,47,09,quantile,0.8,-1,12.8068,ARI
2025,47,09,quantile,0.8,0,12.6153,ARI
2025,47,09,quantile,0.8,1,12.7037,ARI
2025,47,09,quantile,0.8,2,13.3264,ARI
2025,47,09,quantile,0.8,3,13.7676,ARI
2025,47,09,quantile,0.8,4,13.9554,ARI
2025,47,09,quantile,0.85,-1,13.7111,ARI
2025,47,09,quantile,0.85,0,13.3257,ARI
2025,47,09,quantile,0.85,1,13.6591,ARI
2025,47,09,quantile,0.85,2,14.0625,ARI
2025,47,09,quantile,0.85,3,14.5016,ARI
2025,47,09,quantile,0.85,4,14.6383,ARI
2025,47,09,quantile,0.9,-1,14.736,ARI
2025,47,09,quantile,0.9,0,14.9355,ARI
2025,47,09,quantile,0.9,1,14.9657,ARI
2025,47,09,quantile,0.9,2,15.1367,ARI
2025,47,09,quantile,0.9,3,15.146,ARI
2025,47,09,quantile,0.9,4,15.3253,ARI
2025,47,09,quantile,0.95,-1,16.1376,ARI
2025,47,09,quantile,0.95,0,16.4683,ARI
2025,47,09,quantile,0.95,1,16.4671,ARI
2025,47,09,quantile,0.95,2,16.568,ARI
2025,47,09,quantile,0.95,3,16.8147,ARI
2025,47,09,quantile,0.95,4,17.1621,ARI
2025,47,09,quantile,0.975,-1,17.6556,ARI
2025,47,09,quantile,0.975,0,17.9939,ARI
2025,47,09,quantile,0.975,1,17.9612,ARI
2025,47,09,quantile,0.975,2,18.5831,ARI
2025,47,09,quantile,0.975,3,18.0158,ARI
2025,47,09,quantile,0.975,4,18.4433,ARI
2025,47,09,quantile,0.99,-1,19.3165,ARI
2025,47,09,quantile,0.99,0,19.1052,ARI
2025,47,09,quantile,0.99,1,19.6637,ARI
2025,47,09,quantile,0.99,2,19.8065,ARI
2025,47,09,quantile,0.99,3,19.5127,ARI
2025,47,09,quantile,0.99,4,19.9809,ARI
2025,47,10,quantile,0.01,-1,0.823,ARI
2025,47,10,quantile,0.01,0,1.1396,ARI
2025,47,10,quantile,0.01,1,1.2537,ARI
2025,47,10,quantile,0.01,2,1.2856,ARI
2025,47,10,quantile,0.01,3,1.5548,ARI
2025,47,10,quantile,0.01,4,1.5331,ARI
2025,47,10,quantile,0.025,-1,1.2962,ARI
2025,47,10,quantile,0.025,0,1.5507,ARI
2025,47,10,quantile,0.025,1,1.879,ARI
2025,47,10,quantile,0.025,2,2.1712,ARI
2025,47,10,quantile,0.025,3,2.3578,ARI
2025,47,10,quantile,0.025,4,2.6696,ARI
2025,47,10,quantile,0.05,-1,1.7806,ARI
2025,47,10,quantile,0.05,0,2.087,ARI
2025,47,10,quantile,0.05,1,2.3767,ARI
2025,47,10,quantile,0.05,2,2.7828,ARI
2025,47,10,quantile,0.05,3,3.1975,ARI
2025,47,10,quantile,0.05,4,3.6909,ARI
2025,47,10,quantile,0.1,-1,2.5438,ARI
2025,47,10,quantile,0.1,0,2.9204,ARI
2025,47,10,quantile,0.1,1,3.4839,ARI
2025,47,10,quantile,0.1,2,4.0433,ARI
2025,47,10,quantile,0.1,3,4.5219,ARI
2025,47,10,quantile,0.1,4,4.8954,ARI
2025,47,10,quantile,0.15,-1,3.0648,ARI
2025,47,10,quantile,0.15,0,3.6585,ARI
2025,47,10,quantile,0.15,1,4.2389,ARI
2025,47,10,quantile,0.15,2,5.1525,ARI
2025,47,10,quantile,0.15,3,5.8102,ARI
2025,47,10,quantile,0.15,4,6.1899,ARI
2025,47,10,quantile,0.2,-1,3.5319,ARI
2025,47,10,quantile,0.2,0,4.2403,ARI
2025,47,10,quantile,0.2,1,5.0591,ARI
2025,47,10,quantile,0.2,2,5.7386,ARI
2025,47,10,quantile,0.2,3,6.6515,ARI
2025,47,10,quantile,0.2,4,7.1469,ARI
2025,47,10,quantile,0.25,-1,3.9551,ARI
2025,47,10,quantile,0.25,0,4.7679,ARI
2025,47,10,quantile,0.25,1,5.7825,ARI
2025,47,10,quantile,0.25,2,6.7348,ARI
2025,47,10,quantile,0.25,3,7.5025,ARI
2025,47,10,quantile,0.25,4,8.0344,ARI
2025,47,10,quantile,0.3,-1,4.555,ARI
2025,47,10,quantile,0.3,0,5.3491,ARI
2025,47,10,quantile,0.3,1,6.5205,ARI
2025,47,10,quantile,0.3,2,7.5245,ARI
2025,47,10,quantile,0.3,3,8.2593,ARI
2025,47,10,quantile,0.3,4,8.8339,ARI
2025,47,10,quantile,0.35,-1,4.9642,ARI
2025,47,10,quantile,0.35,0,6.0476,ARI
2025,47,10,quantile,0.35,1,7.1581,ARI
2025,47,10,quantile,0.35,2,8.1283,ARI
2025,47,10,quantile,0.35,3,8.889,ARI
2025,47,10,quantile,0.35,4,9.4568,ARI
2025,47,10,quantile,0.4,-1,5.6254,ARI
2025,47,10,quantile,0.4,0,6.5905,ARI
2025,47,10,quantile,0.4,1,7.8036,ARI
2025,47,10,quantile,0.4,2,8.845,ARI
2025,47,10,quantile,0.4,3,9.5796,ARI
2025,47,10,quantile,0.4,4,9.8699,ARI
2025,47,10,quantile,0.45,-1,6.1626,ARI
2025,47,10,quantile,0.45,0,7.3619,ARI
2025,47,10,quantile,0.45,1,8.4273,ARI
2025,47,10,quantile,0.45,2,9.3534,ARI
2025,47,10,quantile,0.45,3,10.1538,ARI
2025,47,10,quantile,0.45,4,10.3721,ARI
2025,47,10,quantile,0.5,-1,6.6793,ARI
2025,47,10,quantile,0.5,0,7.8178,ARI
2025,47,10,quantile,0.5,1,8.9328,ARI
2025,47,10,quantile,0.5,2,9.8841,ARI
2025,47,10,quantile,0.5,3,10.5666,ARI
2025,47,10,quantile,0.5,4,11.045,ARI
2025,47,10,quantile,0.55,-1,7.4371,ARI
2025,47,10,quantile,0.55,0,8.5432,ARI
2025,47,10,quantile,0.55,1,9.5865,ARI
2025,47,10,quantile,0.55,2,10.4998,ARI
2025,47,10,quantile,0.55,3,11.0433,ARI
2025,47,10,quantile,0.55,4,11.6797,ARI
2025,47,10,quantile,0.6,-1,8.3225,ARI
2025,47,10,quantile,0.6,0,9.571,ARI
2025,47,10,quantile,0.6,1,10.4161,ARI
2025,47,10,quantile,0.6,2,11.1185,ARI
2025,47,10,quantile,0.6,3,11.6409,ARI
2025,47,10,quantile,0.6,4,12.2265,ARI
2025,47,10,quantile,0.65,-1,9.2787,ARI
2025,47,10,quantile,0.65,0,10.6518,ARI
2025,47,10,quantile,0.65,1,11.3687,ARI
2025,47,10,quantile,0.65,2,11.6865,ARI
2025,47,10,quantile,0.65,3,12.1155,ARI
2025,47,10,quantile,0.65,4,12.5752,ARI
2025,47,10,quantile,0.7,-1,10.5387,ARI
2025,47,10,quantile,0.7,0,11.6133,ARI
2025,47,10,quantile,0.7,1,12.2502,ARI
2025,47,10,quantile,0.7,2,12.5217,ARI
2025,47,10,quantile,0.7,3,12.7997,ARI
2025,47,10,quantile,0.7,4,13.1526,ARI
2025,47,10,quantile,0.75,-1,11.1831,ARI
2025,47,10,quantile,0.75,0,12.1202,ARI
2025,47,10,quantile,0.75,1,12.7993,ARI
2025,47,10,quantile,0.75,2,13.4511,ARI
2025,47,10,quantile,0.75,3,13.5266,ARI
2025,47,10,quantile,0.75,4,13.7513,ARI
2025,47,10,quantile,0.8,-1,12.0838,ARI
2025,47,10,quantile,0.8,0,12.7504,ARI
2025,47,10,quantile,0.8,1,13.5,ARI
2025,47,10,quantile,0.8,2,14.0193,ARI
2025,47,10,quantile,0.8,3,14.2985,ARI
2025,47,10,quantile,0.8,4,14.3937,ARI
2025,47,10,quantile,0.85,-1,13.473,ARI
2025,47,10,quantile,0.85,0,13.8752,ARI
2025,47,10,quantile,0.85,1,14.3778,ARI
2025,47,10,quantile,0.85,2,14.7194,ARI
2025,47,10,quantile,0.85,3,15.0847,ARI
2025,47,10,quantile,0.85,4,15.1932,ARI
2025,47,10,quantile,0.9,-1,15.2023,ARI
2025,47,10,quantile,0.9,0,15.5191,ARI
2025,47,10,quantile,0.9,1,15.3243,ARI
2025,47,10,quantile,0.9,2,15.8146,ARI
2025,47,10,quantile,0.9,3,16.4308,ARI
2025,47,10,quantile,0.9,4,16.2126,ARI
2025,47,10,quantile,0.95,-1,17.3838,ARI
2025,47,10,quantile,0.95,0,16.9545,ARI
2025,47,10,quantile,0.95,1,17.6615,ARI
2025,47,10,quantile,0.95,2,18.1039,ARI
2025,47,10,quantile,0.95,3,17.3726,ARI
2025,47,10,quantile,0.95,4,17.2718,ARI
2025,47,10,quantile,0.975,-1,19.5129,ARI
2025,47,10,quantile,0.975,0,19.6091,ARI
2025,47,10,quantile,0.975,1,19.2753,ARI
2025,47,10,quantile,0.975,2,19.2059,ARI
2025,47,10,quantile,0.975,3,19.2341,ARI
2025,47,10,quantile,0.975,4,19.5812,ARI
2025,47,10,quantile,0.99,-1,20.3212,ARI
2025,47,10,quantile,0.99,0,20.9048,ARI
2025,47,10,quantile,0.99,1,21.6517,ARI
2025,47,10,quantile,0.99,2,21.5597,ARI
2025,47,10,quantile,0.99,3,21.4778,ARI
2025,47,10,quantile,0.99,4,22.1631,ARI
2025,47,11,quantile,0.01,-1,0.6551,ARI
2025,47,11,quantile,0.01,0,0.7903,ARI
2025,47,11,quantile,0.01,1,0.9582,ARI
2025,47,11,quantile,0.01,2,0.9692,ARI
2025,47,11,quantile,0.01,3,1.0149,ARI
2025,47,11,quantile,0.01,4,1.1749,ARI
2025,47,11,quantile,0.025,-1,1.4984,ARI
2025,47,11,quantile,0.025,0,1.6416,ARI
2025,47,11,quantile,0.025,1,1.6013,ARI
2025,47,11,quantile,0.025,2,2.1916,ARI
2025,47,11,quantile,0.025,3,2.6108,ARI
2025,47,11,quantile,0.025,4,2.9262,ARI
2025,47,11,quantile,0.05,-1,1.934,ARI
2025,47,11,quantile,0.05,0,2.1962,ARI
2025,47,11,quantile,0.05,1,2.6315,ARI
2025,47,11,quantile,0.05,2,3.1166,ARI
2025,47,11,quantile,0.05,3,3.6754,ARI
2025,47,11,quantile,0.05,4,4.2521,ARI
2025,47,11,quantile,0.1,-1,2.4567,ARI
2025,47,11,quantile,0.1,0,3.0182,ARI
2025,47,11,quantile,0.1,1,3.6279,ARI
2025,47,11,quantile,0.1,2,4.3587,ARI
2025,47,11,quantile,0.1,3,5.0531,ARI
2025,47,11,quantile,0.1,4,5.2547,ARI
2025,47,11,quantile,0.15,-1,3.301,ARI
2025,47,11,quantile,0.15,0,3.9049,ARI
2025,47,11,quantile,0.15,1,4.55,ARI
2025,47,11,quantile,0.15,2,5.2437,ARI
2025,47,11,quantile,0.15,3,6.002,ARI
2025,47,11,quantile,0.15,4,6.7311,ARI
2025,47,11,quantile,0.2,-1,3.8577,ARI
2025,47,11,quantile,0.2,0,4.7599,ARI
2025,47,11,quantile,0.2,1,5.7268,ARI
2025,47,11,quantile,0.2,2,6.5677,ARI
2025,47,11,quantile,0.2,3,7.1622,ARI
2025,47,11,quantile,0.2,4,7.39,ARI
2025,47,11,quantile,0.25,-1,4.6209,ARI
2025,47,11,quantile,0.25,0,5.5877,ARI
2025,47,11,quantile,0.25,1,6.3654,ARI
2025,47,11,quantile,0.25,2,7.3098,ARI
2025,47,11,quantile,0.25,3,7.8173,ARI
2025,47,11,quantile,0.25,4,8.2543,ARI
2025,47,11,quantile,0.3,-1,5.0675,ARI
2025,47,11,quantile,0.3,0,6.0144,ARI
2025,47,11,quantile,0.3,1,7.2455,ARI
2025,47,11,quantile,0.3,2,8.2323,ARI
2025,47,11,quantile,0.3,3,8.67,ARI
2025,47,11,quantile,0.3,4,9.0243,ARI
2025,47,11,quantile,0.35,-1,5.5936,ARI
2025,47,11,quantile,0.35,0,6.8003,ARI
2025,47,11,quantile,0.35,1,7.9749,ARI
2025,47,11,quantile,0.35,2,8.7787,ARI
2025,47,11,quantile,0.35,3,9.707,ARI
2025,47,11,quantile,0.35,4,9.8701,ARI
2025,47,11,quantile,0.4,-1,6.2773,ARI
2025,47,11,quantile,0.4,0,7.3914,ARI
2025,47,11,quantile,0.4,1,8.5798,ARI
2025,47,11,quantile,0.4,2,9.5398,ARI
2025,47,11,quantile,0.4,3,10.1412,ARI
2025,47,11,quantile,0.4,4,10.6546,ARI
2025,47,11,quantile,0.45,-1,6.7166,ARI
2025,47,11,quantile,0.45,0,7.988,ARI
2025,47,11,quantile,0.45,1,8.9648,ARI
2025,47,11,quantile,0.45,2,9.8742,ARI
2025,47,11,quantile,0.45,3,10.7929,ARI
2025,47,11,quantile,0.45,4,11.2343,ARI
2025,47,11,quantile,0.5,-1,7.2427,ARI
2025,47,11,quantile,0.5,0,8.3851,ARI
2025,47,11,quantile,0.5,1,9.6134,ARI
2025,47,11,quantile,0.5,2,10.4426,ARI
2025,47,11,quantile,0.5,3,11.3166,ARI
2025,47,11,quantile,0.5,4,11.7122,ARI
2025,47,11,quantile,0.55,-1,7.6856,ARI
2025,47,11,quantile,0.55,0,9.0312,ARI
2025,47,11,quantile,0.55,1,10.155,ARI
2025,47,11,quantile,0.55,2,11.0516,ARI
2025,47,11,quantile,0.55,3,11.608,ARI
2025,47,11,quantile,0.55,4,12.2081,ARI
2025,47,11,quantile,0.6,-1,8.2096,ARI
2025,47,11,quantile,0.6,0,9.5391,ARI
2025,47,11,quantile,0.6,1,10.5885,ARI
2025,47,11,quantile,0.6,2,11.5485,ARI
2025,47,11,quantile,0.6,3,11.9992,ARI
2025,47,11,quantile,0.6,4,12.5497,ARI
2025,47,11,quantile,0.65,-1,8.8289,ARI
2025,47,11,quantile,0.65,0,10.0566,ARI
2025,47,11,quantile,0.65,1,11.1321,ARI
2025,47,11,quantile,0.65,2,12.1121,ARI
2025,47,11,quantile,0.65,3,12.4974,ARI
2025,47,11,quantile,0.65,4,12.9,ARI
2025,47,11,quantile,0.7,-1,9.9609,ARI
2025,47,11,quantile,0.7,0,11.1266,ARI
2025,47,11,quantile,0.7,1,11.8038,ARI
2025,47,11,quantile,0.7,2,12.6344,ARI
2025,47,11,quantile,0.7,3,13.2117,ARI
2025,47,11,quantile,0.7,4,13.2275,ARI
2025,47,11,quantile,0.75,-1,10.8503,ARI
2025,47,11,quantile,0.75,0,11.7828,ARI
2025,47,11,quantile,0.75,1,12.5793,ARI
2025,47,11,quantile,0.75,2,13.1487,ARI
2025,47,11,quantile,0.75,3,13.6494,ARI
2025,47,11,quantile,0.75,4,13.6683,ARI
2025,47,11,quantile,0.8,-1,11.8361,ARI
2025,47,11,quantile,0.8,0,12.8147,ARI
2025,47,11,quantile,0.8,1,13.3886,ARI
2025,47,11,quantile,0.8,2,14.0093,ARI
2025,47,11,quantile,0.8,3,14.1854,ARI
2025,47,11,quantile,0.8,4,14.5825,ARI
2025,47,11,quantile,0.85,-1,13.4047,ARI
2025,47,11,quantile,0.85,0,13.8565,ARI
2025,47,11,quantile,0.85,1,14.3141,ARI
2025,47,11,quantile,0.85,2,14.609,ARI
2025,47,11,quantile,0.85,3,15.0725,ARI
2025,47,11,quantile,0.85,4,15.3212,ARI
2025,47,11,quantile,0.9,-1,14.8144,ARI
2025,47,11,quantile,0.9,0,15.0043,ARI
2025,47,11,quantile,0.9,1,15.3663,ARI
2025,47,11,quantile,0.9,2,15.5975,ARI
2025,47,11,quantile,0.9,3,16.0944,ARI
2025,47,11,quantile,0.9,4,16.3331,ARI
2025,47,11,quantile,0.95,-1,17.2494,ARI
2025,47,11,quantile,0.95,0,17.738,ARI
2025,47,11,quantile,0.95,1,17.5137,ARI
2025,47,11,quantile,0.95,2,17.0808,ARI
2025,47,11,quantile,0.95,3,17.2319,ARI
2025,47,11,quantile,0.95,4,17.5615,ARI
2025,47,11,quantile,0.975,-1,18.652,ARI
2025,47,11,quantile,0.975,0,18.8222,ARI
2025,47,11,quantile,0.975,1,19.0905,ARI
2025,47,11,quantile,0.975,2,19.4983,ARI
2025,47,11,quantile,0.975,3,19.1514,ARI
2025,47,11,quantile,0.975,4,19.2302,ARI
2025,47,11,quantile,0.99,-1,19.5214,ARI
2025,47,11,quantile,0.99,0,20.3799,ARI
2025,47,11,quantile,0.99,1,21.5401,ARI
2025,47,11,quantile,0.99,2,22.1849,ARI
2025,47,11,quantile,0.99,3,22.226,ARI
2025,47,11,quantile,0.99,4,21.8013,ARI
2025,47,12,quantile,0.01,-1,0.7016,ARI
2025,47,12,quantile,0.01,0,0.8209,ARI
2025,47,12,quantile,0.01,1,1.019,ARI
2025,47,12,quantile,0.01,2,1.0903,ARI
2025,47,12,quantile,0.01,3,1.2302,ARI
2025,47,12,quantile,0.01,4,1.3712,ARI
2025,47,12,quantile,0.025,-1,0.8971,ARI
2025,47,12,quantile,0.025,0,1.0527,ARI
2025,47,12,quantile,0.025,1,1.2115,ARI
2025,47,12,quantile,0.025,2,1.451,ARI
2025,47,12,quantile,0.025,3,1.6428,ARI
2025,47,12,quantile,0.025,4,1.9819,ARI
2025,47,12,quantile,0.05,-1,1.1617,ARI
2025,47,12,quantile,0.05,0,1.3405,ARI
2025,47,12,quantile,0.05,1,1.5471,ARI
2025,47,12,quantile,0.05,2,1.7332,ARI
2025,47,12,quantile,0.05,3,2.0888,ARI
2025,47,12,quantile,0.05,4,2.4707,ARI
2025,47,12,quantile,0.1,-1,1.8381,ARI
2025,47,12,quantile,0.1,0,2.1211,ARI
2025,47,12,quantile,0.1,1,2.5742,ARI
2025,47,12,quantile,0.1,2,2.9415,ARI
2025,47,12,quantile,0.1,3,3.4908,ARI
2025,47,12,quantile,0.1,4,3.6799,ARI
2025,47,12,quantile,0.15,-1,2.3993,ARI
2025,47,12,quantile,0.15,0,2.9116,ARI
2025,47,12,quantile,0.15,1,3.4886,ARI
2025,47,12,quantile,0.15,2,4.162,ARI
2025,47,12,quantile,0.15,3,4.4931,ARI
2025,47,12,quantile,0.15,4,4.891,ARI
2025,47,12,quantile,0.2,-1,2.7562,ARI
2025,47,12,quantile,0.2,0,3.3429,ARI
2025,47,12,quantile,0.2,1,4.0468,ARI
2025,47,12,quantile,0.2,2,4.7455,ARI
2025,47,12,quantile,0.2,3,5.397,ARI
2025,47,12,quantile,0.2,4,6.1388,ARI
2025,47,12,quantile,0.25,-1,3.1312,ARI
2025,47,12,quantile,0.25,0,3.7611,ARI
2025,47,12,quantile,0.25,1,4.5559,ARI
2025,47,12,quantile,0.25,2,5.3665,ARI
2025,47,12,quantile,0.25,3,6.0395,ARI
2025,47,12,quantile,0.25,4,6.8914,ARI
2025,47,12,quantile,0.3,-1,3.8596,ARI
2025,47,12,quantile,0.3,0,4.5437,ARI
2025,47,12,quantile,0.3,1,5.5314,ARI
2025,47,12,quantile,0.3,2,6.1474,ARI
2025,47,12,quantile,0.3,3,7.1119,ARI
2025,47,12,quantile,0.3,4,7.7166,ARI
2025,47,12,quantile,0.35,-1,4.3037,ARI
2025,47,12,quantile,0.35,0,5.2182,ARI
2025,47,12,quantile,0.35,1,6.127,ARI
2025,47,12,quantile,0.35,2,6.8895,ARI
2025,47,12,quantile,0.35,3,7.9265,ARI
2025,47,12,quantile,0.35,4,8.5722,ARI
2025,47,12,quantile,0.4,-1,4.9054,ARI
2025,47,12,quantile,0.4,0,5.8714,ARI
2025,47,12,quantile,0.4,1,6.8258,ARI
2025,47,12,quantile,0.4,2,7.6387,ARI
2025,47,12,quantile,0.4,3,8.7043,ARI
2025,47,12,quantile,0.4,4,9.0702,ARI
2025,47,12,quantile,0.45,-1,5.3809,ARI
2025,47,12,quantile,0.45,0,6.4428,ARI
2025,47,12,quantile,0.45,1,7.2817,ARI
2025,47,12,quantile,0.45,2,8.3237,ARI
2025,47,12,quantile,0.45,3,9.1696,ARI
2025,47,12,quantile,0.45,4,9.6415,ARI
2025,47,12,quantile,0.5,-1,5.8785,ARI
2025,47,12,quantile,0.5,0,6.9887,ARI
2025,47,12,quantile,0.5,1,7.8705,ARI
2025,47,12,quantile,0.5,2,9.0649,ARI
2025,47,12,quantile,0.5,3,9.6827,ARI
2025,47,12,quantile,0.5,4,10.0946,ARI
2025,47,12,quantile,0.55,-1,6.5473,ARI
2025,47,12,quantile,0.55,0,7.4543,ARI
2025,47,12,quantile,0.55,1,8.5033,ARI
2025,47,12,quantile,0.55,2,9.5977,ARI
2025,47,12,quantile,0.55,3,10.3809,ARI
2025,47,12,quantile,0.55,4,10.6351,ARI
2025,47,12,quantile,0.6,-1,7.2853,ARI
2025,47,12,quantile,0.6,0,8.209,ARI
2025,47,12,quantile,0.6,1,9.2686,ARI
2025,47,12,quantile,0.6,2,10.1792,ARI
2025,47,12,quantile,0.6,3,10.8375,ARI
2025,47,12,quantile,0.6,4,11.0883,ARI
2025,47,12,quantile,0.65,-1,8.2921,ARI
2025,47,12,quantile,0.65,0,9.2334,ARI
2025,47,12,quantile,0.65,1,10.1865,ARI
2025,47,12,quantile,0.65,2,10.9116,ARI
2025,47,12,quantile,0.65,3,11.2538,ARI
2025,47,12,quantile,0.65,4,11.6653,ARI
2025,47,12,quantile,0.7,-1,9.3016,ARI
2025,47,12,quantile,0.7,0,10.2901,ARI
2025,47,12,quantile,0.7,1,11.119,ARI
2025,47,12,quantile,0.7,2,11.5991,ARI
2025,47,12,quantile,0.7,3,11.9619,ARI
2025,47,12,quantile,0.7,4,12.5613,ARI
2025,47,12,quantile,0.75,-1,10.2827,ARI
2025,47,12,quantile,0.75,0,11.4669,ARI
2025,47,12,quantile,0.75,1,12.2139,ARI
2025,47,12,quantile,0.75,2,12.3262,ARI
2025,47,12,quantile,0.75,3,12.5143,ARI
2025,47,12,quantile,0.75,4,12.9637,ARI
2025,47,12,quantile,0.8,-1,11.6331,ARI
2025,47,12,quantile,0.8,0,12.5007,ARI
2025,47,12,quantile,0.8,1,13.1634,ARI
2025,47,12,quantile,0.8,2,13.2567,ARI
2025,47,12,quantile,0.8,3,13.3551,ARI
2025,47,12,quantile,0.8,4,13.6356,ARI
2025,47,12,quantile,0.85,-1,13.2823,ARI
2025,47,12,quantile,0.85,0,13.9128,ARI
2025,47,12,quantile,0.85,1,14.3341,ARI
2025,47,12,quantile,0.85,2,14.5582,ARI
2025,47,12,quantile,0.85,3,14.314,ARI
2025,47,12,quantile,0.85,4,14.2472,ARI
2025,47,12,quantile,0.9,-1,15.4482,ARI
2025,47,12,quantile,0.9,0,15.7114,ARI
2025,47,12,quantile,0.9,1,15.5321,ARI
2025,47,12,quantile,0.9,2,15.6507,ARI
2025,47,12,quantile,0.9,3,15.6867,ARI
2025,47,12,quantile,0.9,4,15.4957,ARI
2025,47,12,quantile,0.95,-1,17.4555,ARI
2025,47,12,quantile,0.95,0,17.7895,ARI
2025,47,12,quantile,0.95,1,17.4319,ARI
2025,47,12,quantile,0.95,2,17.0869,ARI
2025,47,12,quantile,0.95,3,17.1634,ARI
2025,47,12,quantile,0.95,4,17.5115,ARI
2025,47,12,quantile,0.975,-1,18.83,ARI
2025,47,12,quantile,0.975,0,19.0794,ARI
2025,47,12,quantile,0.975,1,19.3477,ARI
2025,47,12,quantile,0.975,2,19.2889,ARI
2025,47,12,quantile,0.975,3,19.2785,ARI
2025,47,12,quantile,0.975,4,18.9717,ARI
2025,47,12,quantile,0.99,-1,21.0911,ARI
2025,47,12,quantile,0.99,0,19.9487,ARI
2025,47,12,quantile,0.99,1,20.2882,ARI
2025,47,12,quantile,0.99,2,20.2696,ARI
2025,47,12,quantile,0.99,3,20.2653,ARI
2025,47,12,quantile,0.99,4,20.5652,ARI
2025,47,13,quantile,0.01,-1,0.6974,ARI
2025,47,13,quantile,0.01,0,0.8319,ARI
2025,47,13,quantile,0.01,1,0.8437,ARI
2025,47,13,quantile,0.01,2,0.9643,ARI
2025,47,13,quantile,0.01,3,1.1262,ARI
2025,47,13,quantile,0.01,4,1.1112,ARI
2025,47,13,quantile,0.025,-1,1.1015,ARI
2025,47,13,quantile,0.025,0,1.2697,ARI
2025,47,13,quantile,0.025,1,1.4093,ARI
2025,47,13,quantile,0.025,2,1.6077,ARI
2025,47,13,quantile,0.025,3,1.8842,ARI
2025,47,13,quantile,0.025,4,2.1754,ARI
2025,47,13,quantile,0.05,-1,1.4914,ARI
2025,47,13,quantile,0.05,0,1.9761,ARI
2025,47,13,quantile,0.05,1,2.4195,ARI
2025,47,13,quantile,0.05,2,2.768,ARI
2025,47,13,quantile,0.05,3,3.3019,ARI
2025,47,13,quantile,0.05,4,3.5177,ARI
2025,47,13,quantile,0.1,-1,2.3017,ARI
2025,47,13,quantile,0.1,0,2.6914,ARI
2025,47,13,quantile,0.1,1,3.0693,ARI
2025,47,13,quantile,0.1,2,3.7113,ARI
2025,47,13,quantile,0.1,3,4.3695,ARI
2025,47,13,quantile,0.1,4,4.7098,ARI
2025,47,13,quantile,0.15,-1,2.5845,ARI
2025,47,13,quantile,0.15,0,3.1514,ARI
2025,47,13,quantile,0.15,1,3.8024,ARI
2025,47,13,quantile,0.15,2,4.4639,ARI
2025,47,13,quantile,0.15,3,5.1457,ARI
2025,47,13,quantile,0.15,4,5.6802,ARI
2025,47,13,quantile,0.2,-1,3.2243,ARI
2025,47,13,quantile,0.2,0,3.9054,ARI
2025,47,13,quantile,0.2,1,4.4917,ARI
2025,47,13,quantile,0.2,2,5.315,ARI
2025,47,13,quantile,0.2,3,5.8251,ARI
2025,47,13,quantile,0.2,4,6.4977,ARI
2025,47,13,quantile,0.25,-1,3.7422,ARI
2025,47,13,quantile,0.25,0,4.5387,ARI
2025,47,13,quantile,0.25,1,5.2477,ARI
2025,47,13,quantile,0.25,2,6.0774,ARI
2025,47,13,quantile,0.25,3,6.756,ARI
2025,47,13,quantile,0.25,4,7.2238,ARI
2025,47,13,quantile,0.3,-1,4.1853,ARI
2025,47,13,quantile,0.3,0,4.965,ARI
2025,47,13,quantile,0.3,1,5.9382,ARI
2025,47,13,quantile,0.3,2,7.0023,ARI
2025,47,13,quantile,0.3,3,7.6362,ARI
2025,47,13,quantile,0.3,4,7.9013,ARI
2025,47,13,quantile,0.35,-1,4.7033,ARI
2025,47,13,quantile,0.35,0,5.722,ARI
2025,47,13,quantile,0.35,1,6.8124,ARI
2025,47,13,quantile,0.35,2,7.615,ARI
2025,47,13,quantile,0.35,3,8.3433,ARI
2025,47,13,quantile,0.35,4,8.65,ARI
2025,47,13,quantile,0.4,-1,5.442,ARI
2025,47,13,quantile,0.4,0,6.2984,ARI
2025,47,13,quantile,0.4,1,7.3367,ARI
2025,47,13,quantile,0.4,2,8.2763,ARI
2025,47,13,quantile,0.4,3,8.863,ARI
2025,47,13,quantile,0.4,4,9.354,ARI
2025,47,13,quantile,0.45,-1,5.9733,ARI
2025,47,13,quantile,0.45,0,6.8371,ARI
2025,47,13,quantile,0.45,1,7.8702,ARI
2025,47,13,quantile,0.45,2,8.7765,ARI
2025,47,13,quantile,0.45,3,9.4365,ARI
2025,47,13,quantile,0.45,4,10.0004,ARI
2025,47,13,quantile,0.5,-1,6.5139,ARI
2025,47,13,quantile,0.5,0,7.4881,ARI
2025,47,13,quantile,0.5,1,8.6281,ARI
2025,47,13,quantile,0.5,2,9.4255,ARI
2025,47,13,quantile,0.5,3,10.1953,ARI
2025,47,13,quantile,0.5,4,10.5728,ARI
2025,47,13,quantile,0.55,-1,7.0282,ARI
2025,47,13,quantile,0.55,0,8.3001,ARI
2025,47,13,quantile,0.55,1,9.401,ARI
2025,47,13,quantile,0.55,2,10.0308,ARI
2025,47,13,quantile,0.55,3,10.6299,ARI
2025,47,13,quantile,0.55,4,11.0303,ARI
2025,47,13,quantile,0.6,-1,7.9437,ARI
2025,47,13,quantile,0.6,0,8.8851,ARI
2025,47,13,quantile,0.6,1,9.8822,ARI
2025,47,13,quantile,0.6,2,10.652,ARI
2025,47,13,quantile,0.6,3,11.2063,ARI
2025,47,13,quantile,0.6,4,11.6012,ARI
2025,47,13,quantile,0.65,-1,9.0268,ARI
2025,47,13,quantile,0.65,0,9.9682,ARI
2025,47,13,quantile,0.65,1,10.6375,ARI
2025,47,13,quantile,0.65,2,11.3303,ARI
2025,47,13,quantile,0.65,3,11.8877,ARI
2025,47,13,quantile,0.65,4,12.089,ARI
2025,47,13,quantile,0.7,-1,9.6439,ARI
2025,47,13,quantile,0.7,0,10.9014,ARI
2025,47,13,quantile,0.7,1,11.3876,ARI
2025,47,13,quantile,0.7,2,11.9423,ARI
2025,47,13,quantile,0.7,3,12.3294,ARI
2025,47,13,quantile,0.7,4,12.6837,ARI
2025,47,13,quantile,0.75,-1,10.9255,ARI
2025,47,13,quantile,0.75,0,11.7017,ARI
2025,47,13,quantile,0.75,1,12.3076,ARI
2025,47,13,quantile,0.75,2,12.7275,ARI
2025,47,13,quantile,0.75,3,13.0369,ARI
2025,47,13,quantile,0.75,4,13.2229,ARI
2025,47,13,quantile,0.8,-1,11.789,ARI
2025,47,13,quantile,0.8,0,12.4992,ARI
2025,47,13,quantile,0.8,1,13.1283,ARI
2025,47,13,quantile,0.8,2,13.7242,ARI
2025,47,13,quantile,0.8,3,13.8255,ARI
2025,47,13,quantile,0.8,4,14.1058,ARI
2025,47,13,quantile,0.85,-1,12.9476,ARI
2025,47,13,quantile,0.85,0,13.6555,ARI
2025,47,13,quantile,0.85,1,14.2997,ARI
2025,47,13,quantile,0.85,2,14.471,ARI
2025,47,13,quantile,0.85,3,14.638,ARI
2025,47,13,quantile,0.85,4,14.8791,ARI
2025,47,13,quantile,0.9,-1,14.3515,ARI
2025,47,13,quantile,0.9,0,15.0086,ARI
2025,47,13,quantile,0.9,1,15.6182,ARI
2025,47,13,quantile,0.9,2,15.6834,ARI
2025,47,13,quantile,0.9,3,15.6863,ARI
2025,47,13,quantile,0.9,4,15.9139,ARI
2025,47,13,quantile,0.95,-1,16.0754,ARI
2025,47,13,quantile,0.95,0,16.5922,ARI
2025,47,13,quantile,0.95,1,16.8812,ARI
2025,47,13,quantile,0.95,2,17.2206,ARI
2025,47,13,quantile,0.95,3,17.8416,ARI
2025,47,13,quantile,0.95,4,18.0093,ARI
2025,47,13,quantile,0.975,-1,18.1395,ARI
2025,47,13,quantile,0.975,0,17.6356,ARI
2025,47,13,quantile,0.975,1,18.2258,ARI
2025,47,13,quantile,0.975,2,19.3124,ARI
2025,47,13,quantile,0.975,3,18.962,ARI
2025,47,13,quantile,0.975,4,20.0381,ARI
2025,47,13,quantile,0.99,-1,19.7756,ARI
2025,47,13,quantile,0.99,0,20.2841,ARI
2025,47,13,quantile,0.99,1,20.4845,ARI
2025,47,13,quantile,0.99,2,21.3329,ARI
2025,47,13,quantile,0.99,3,22.7832,ARI
2025,47,13,quantile,0.99,4,22.9046,ARI
2025,47,14,quantile,0.01,-1,0.9813,ARI
2025,47,14,quantile,0.01,0,1.2222,ARI
2025,47,14,quantile,0.01,1,1.3774,ARI
2025,47,14,quantile,0.01,2,1.5682,ARI
2025,47,14,quantile,0.01,3,1.5884,ARI
2025,47,14,quantile,0.01,4,1.3083,ARI
2025,47,14,quantile,0.025,-1,1.1256,ARI
2025,47,14,quantile,0.025,0,1.3224,ARI
2025,47,14,quantile,0.025,1,1.5983,ARI
2025,47,14,quantile,0.025,2,1.8617,ARI
2025,47,14,quantile,0.025,3,1.9708,ARI
2025,47,14,quantile,0.025,4,1.7207,ARI
2025,47,14,quantile,0.05,-1,1.5153,ARI
2025,47,14,quantile,0.05,0,1.9013,ARI
2025,47,14,quantile,0.05,1,2.3047,ARI
2025,47,14,quantile,0.05,2,2.4701,ARI
2025,47,14,quantile,0.05,3,2.2786,ARI
2025,47,14,quantile,0.05,4,2.0797,ARI
2025,47,14,quantile,0.1,-1,2.3857,ARI
2025,47,14,quantile,0.1,0,2.9081,ARI
2025,47,14,quantile,0.1,1,3.1055,ARI
2025,47,14,quantile,0.1,2,3.1155,ARI
2025,47,14,quantile,0.1,3,3.2728,ARI
2025,47,14,quantile,0.1,4,3.3182,ARI
2025,47,14,quantile,0.15,-1,3.5631,ARI
2025,47,14,quantile,0.15,0,4.2073,ARI
2025,47,14,quantile,0.15,1,4.0726,ARI
2025,47,14,quantile,0.15,2,4.2899,ARI
2025,47,14,quantile,0.15,3,4.0058,ARI
2025,47,14,quantile,0.15,4,4.2177,ARI
2025,47,14,quantile,0.2,-1,4.1414,ARI
2025,47,14,quantile,0.2,0,4.8168,ARI
2025,47,14,quantile,0.2,1,5.0343,ARI
2025,47,14,quantile,0.2,2,5.0419,ARI
2025,47,14,quantile,0.2,3,5.3103,ARI
2025,47,14,quantile,0.2,4,5.5117,ARI
2025,47,14,quantile,0.25,-1,4.7929,ARI
2025,47,14,quantile,0.25,0,5.2307,ARI
2025,47,14,quantile,0.25,1,5.702,ARI
2025,47,14,quantile,0.25,2,6.1512,ARI
2025,47,14,quantile,0.25,3,6.6359,ARI
2025,47,14,quantile,0.25,4,6.4916,ARI
2025,47,14,quantile,0.3,-1,5.2859,ARI
2025,47,14,quantile,0.3,0,5.7339,ARI
2025,47,14,quantile,0.3,1,6.2971,ARI
2025,47,14,quantile,0.3,2,6.9303,ARI
2025,47,14,quantile,0.3,3,7.3217,ARI
2025,47,14,quantile,0.3,4,7.7126,ARI
2025,47,14,quantile,0.35,-1,6.0412,ARI
2025,47,14,quantile,0.35,0,6.4024,ARI
2025,47,14,quantile,0.35,1,6.6166,ARI
2025,47,14,quantile,0.35,2,7.6775,ARI
2025,47,14,quantile,0.35,3,8.2207,ARI
2025,47,14,quantile,0.35,4,8.7259,ARI
2025,47,14,quantile,0.4,-1,6.5817,ARI
2025,47,14,quantile,0.4,0,7.1708,ARI
2025,47,14,quantile,0.4,1,7.822,ARI
2025,47,14,quantile,0.4,2,8.3475,ARI
2025,47,14,quantile,0.4,3,8.9391,ARI
2025,47,14,quantile,0.4,4,9.3701,ARI
2025,47,14,quantile,0.45,-1,7.1574,ARI
2025,47,14,quantile,0.45,0,7.8402,ARI
2025,47,14,quantile,0.45,1,8.5701,ARI
2025,47,14,quantile,0.45,2,9.3566,ARI
2025,47,14,quantile,0.45,3,9.5985,ARI
2025,47,14,quantile,0.45,4,9.8653,ARI
2025,47,14,quantile,0.5,-1,7.6733,ARI
2025,47,14,quantile,0.5,0,8.3745,ARI
2025,47,14,quantile,0.5,1,9.174,ARI
2025,47,14,quantile,0.5,2,10.0302,ARI
2025,47,14,quantile,0.5,3,10.22,ARI
2025,47,14,quantile,0.5,4,10.4835,ARI
2025,47,14,quantile,0.55,-1,8.3686,ARI
2025,47,14,quantile,0.55,0,8.9923,ARI
2025,47,14,quantile,0.55,1,9.9127,ARI
2025,47,14,quantile,0.55,2,10.553,ARI
2025,47,14,quantile,0.55,3,10.9122,ARI
2025,47,14,quantile,0.55,4,11.0843,ARI
2025,47,14,quantile,0.6,-1,9.1769,ARI
2025,47,14,quantile,0.6,0,9.8506,ARI
2025,47,14,quantile,0.6,1,10.6845,ARI
2025,47,14,quantile,0.6,2,11.2376,ARI
2025,47,14,quantile,0.6,3,11.7607,ARI
2025,47,14,quantile,0.6,4,11.8091,ARI
2025,47,14,quantile,0.65,-1,9.7547,ARI
2025,47,14,quantile,0.65,0,10.6013,ARI
2025,47,14,quantile,0.65,1,11.4847,ARI
2025,47,14,quantile,0.65,2,11.9969,ARI
2025,47,14,quantile,0.65,3,12.207,ARI
2025,47,14,quantile,0.65,4,12.539,ARI
2025,47,14,quantile,0.7,-1,10.7483,ARI
2025,47,14,quantile,0.7,0,11.5541,ARI
2025,47,14,quantile,0.7,1,12.1766,ARI
2025,47,14,quantile,0.7,2,12.4502,ARI
2025,47,14,quantile,0.7,3,12.7566,ARI
2025,47,14,quantile,0.7,4,13.1373,ARI
2025,47,14,quantile,0.75,-1,11.6292,ARI
2025,47,14,quantile,0.75,0,12.3091,ARI
2025,47,14,quantile,0.75,1,12.7985,ARI
2025,47,14,quantile,0.75,2,12.9659,ARI
2025,47,14,quantile,0.75,3,13.3755,ARI
2025,47,14,quantile,0.75,4,13.6003,ARI
2025,47,14,quantile,0.8,-1,12.3628,ARI
2025,47,14,quantile,0.8,0,12.9788,ARI
2025,47,14,quantile,0.8,1,13.4845,ARI
2025,47,14,quantile,0.8,2,13.9711,ARI
2025,47,14,quantile,0.8,3,13.9107,ARI
2025,47,14,quantile,0.8,4,14.2012,ARI
2025,47,14,quantile,0.85,-1,13.5921,ARI
2025,47,14,quantile,0.85,0,13.9851,ARI
2025,47,14,quantile,0.85,1,14.3574,ARI
2025,47,14,quantile,0.85,2,14.5095,ARI
2025,47,14,quantile,0.85,3,14.8712,ARI
2025,47,14,quantile,0.85,4,15.0237,ARI
2025,47,14,quantile,0.9,-1,14.7777,ARI
2025,47,14,quantile,0.9,0,15.2,ARI
2025,47,14,quantile,0.9,1,15.2084,ARI
2025,47,14,quantile,0.9,2,15.8248,ARI
2025,47,14,quantile,0.9,3,16.293,ARI
2025,47,14,quantile,0.9,4,16.1007,ARI
2025,47,14,quantile,0.95,-1,17.2652,ARI
2025,47,14,quantile,0.95,0,16.9161,ARI
2025,47,14,quantile,0.95,1,17.0641,ARI
2025,47,14,quantile,0.95,2,17.5546,ARI
2025,47,14,quantile,0.95,3,17.5888,ARI
2025,47,14,quantile,0.95,4,17.6201,ARI
2025,47,14,quantile,0.975,-1,19.3349,ARI
2025,47,14,quantile,0.975,0,18.5719,ARI
2025,47,14,quantile,0.975,1,18.7229,ARI
2025,47,14,quantile,0.975,2,18.744,ARI
2025,47,14,quantile,0.975,3,18.5583,ARI
2025,47,14,quantile,0.975,4,19.0398,ARI
2025,47,14,quantile,0.99,-1,20.2251,ARI
2025,47,14,quantile,0.99,0,20.6746,ARI
2025,47,14,quantile,0.99,1,21.2431,ARI
2025,47,14,quantile,0.99,2,21.3921,ARI
2025,47,14,quantile,0.99,3,22.5929,ARI
2025,47,14,quantile,0.99,4,22.3037,ARI
2025,47,15,quantile,0.01,-1,0.9847,ARI
2025,47,15,quantile,0.01,0,1.2043,ARI
2025,47,15,quantile,0.01,1,1.4019,ARI
2025,47,15,quantile,0.01,2,1.4853,ARI
2025,47,15,quantile,0.01,3,1.2302,ARI
2025,47,15,quantile,0.01,4,1.035,ARI
2025,47,15,quantile,0.025,-1,1.3728,ARI
2025,47,15,quantile,0.025,0,1.7442,ARI
2025,47,15,quantile,0.025,1,1.9565,ARI
2025,47,15,quantile,0.025,2,2.0039,ARI
2025,47,15,quantile,0.025,3,1.7391,ARI
2025,47,15,quantile,0.025,4,1.298,ARI
2025,47,15,quantile,0.05,-1,1.9931,ARI
2025,47,15,quantile,0.05,0,2.3587,ARI
2025,47,15,quantile,0.05,1,2.5929,ARI
2025,47,15,quantile,0.05,2,2.6102,ARI
2025,47,15,quantile,0.05,3,2.4895,ARI
2025,47,15,quantile,0.05,4,2.1879,ARI
2025,47,15,quantile,0.1,-1,2.4945,ARI
2025,47,15,quantile,0.1,0,3.1306,ARI
2025,47,15,quantile,0.1,1,3.4922,ARI
2025,47,15,quantile,0.1,2,3.7034,ARI
2025,47,15,quantile,0.1,3,3.7481,ARI
2025,47,15,quantile,0.1,4,3.5991,ARI
2025,47,15,quantile,0.15,-1,3.1773,ARI
2025,47,15,quantile,0.15,0,3.73,ARI
2025,47,15,quantile,0.15,1,4.0799,ARI
2025,47,15,quantile,0.15,2,4.5484,ARI
2025,47,15,quantile,0.15,3,4.7188,ARI
2025,47,15,quantile,0.15,4,5.0849,ARI
2025,47,15,quantile,0.2,-1,3.6385,ARI
2025,47,15,quantile,0.2,0,4.1009,ARI
2025,47,15,quantile,0.2,1,4.7078,ARI
2025,47,15,quantile,0.2,2,5.0562,ARI
2025,47,15,quantile,0.2,3,5.4823,ARI
2025,47,15,quantile,0.2,4,6.4003,ARI
2025,47,15,quantile,0.25,-1,4.1491,ARI
2025,47,15,quantile,0.25,0,4.8043,ARI
2025,47,15,quantile,0.25,1,5.1186,ARI
2025,47,15,quantile,0.25,2,5.7039,ARI
2025,47,15,quantile,0.25,3,6.4289,ARI
2025,47,15,quantile,0.25,4,7.2071,ARI
2025,47,15,quantile,0.3,-1,4.7887,ARI
2025,47,15,quantile,0.3,0,5.2432,ARI
2025,47,15,quantile,0.3,1,5.9606,ARI
2025,47,15,quantile,0.3,2,6.3289,ARI
2025,47,15,quantile,0.3,3,7.1972,ARI
2025,47,15,quantile,0.3,4,7.9401,ARI
2025,47,15,quantile,0.35,-1,5.2578,ARI
2025,47,15,quantile,0.35,0,5.9904,ARI
2025,47,15,quantile,0.35,1,6.6103,ARI
2025,47,15,quantile,0.35,2,7.2713,ARI
2025,47,15,quantile,0.35,3,8.4073,ARI
2025,47,15,quantile,0.35,4,8.8206,ARI
2025,47,15,quantile,0.4,-1,5.7631,ARI
2025,47,15,quantile,0.4,0,6.5028,ARI
2025,47,15,quantile,0.4,1,7.3065,ARI
2025,47,15,quantile,0.4,2,8.2391,ARI
2025,47,15,quantile,0.4,3,9.021,ARI
2025,47,15,quantile,0.4,4,9.4951,ARI
2025,47,15,quantile,0.45,-1,6.5295,ARI
2025,47,15,quantile,0.45,0,7.1501,ARI
2025,47,15,quantile,0.45,1,7.7699,ARI
2025,47,15,quantile,0.45,2,8.6829,ARI
2025,47,15,quantile,0.45,3,9.5491,ARI
2025,47,15,quantile,0.45,4,10.1943,ARI
2025,47,15,quantile,0.5,-1,7.193,ARI
2025,47,15,quantile,0.5,0,8.0603,ARI
2025,47,15,quantile,0.5,1,8.4219,ARI
2025,47,15,quantile,0.5,2,9.4028,ARI
2025,47,15,quantile,0.5,3,10.0871,ARI
2025,47,15,quantile,0.5,4,10.7496,ARI
2025,47,15,quantile,0.55,-1,7.7658,ARI
2025,47,15,quantile,0.55,0,8.5902,ARI
2025,47,15,quantile,0.55,1,9.2282,ARI
2025,47,15,quantile,0.55,2,10.118,ARI
2025,47,15,quantile,0.55,3,10.7007,ARI
2025,47,15,quantile,0.55,4,11.2526,ARI
2025,47,15,quantile,0.6,-1,8.4557,ARI
2025,47,15,quantile,0.6,0,9.1666,ARI
2025,47,15,quantile,0.6,1,9.9926,ARI
2025,47,15,quantile,0.6,2,10.8362,ARI
2025,47,15,quantile,0.6,3,11.5381,ARI
2025,47,15,quantile,0.6,4,11.7641,ARI
2025,47,15,quantile,0.65,-1,9.06,ARI
2025,47,15,quantile,0.65,0,9.8021,ARI
2025,47,15,quantile,0.65,1,10.4915,ARI
2025,47,15,quantile,0.65,2,11.4937,ARI
2025,47,15,quantile,0.65,3,12.1573,ARI
2025,47,15,quantile,0.65,4,12.3212,ARI
2025,47,15,quantile,0.7,-1,9.6276,ARI
2025,47,15,quantile,0.7,0,10.614,ARI
2025,47,15,quantile,0.7,1,11.5236,ARI
2025,47,15,quantile,0.7,2,12.1863,ARI
2025,47,15,quantile,0.7,3,12.5919,ARI
2025,47,15,quantile,0.7,4,13.0128,ARI
2025,47,15,quantile,0.75,-1,10.7589,ARI
2025,47,15,quantile,0.75,0,11.1878,ARI
2025,47,15,quantile,0.75,1,12.4639,ARI
2025,47,15,quantile,0.75,2,13.0814,ARI
2025,47,15,quantile,0.75,3,13.2863,ARI
2025,47,15,quantile,0.75,4,13.4511,ARI
2025,47,15,quantile,0.8,-1,11.7426,ARI
2025,47,15,quantile,0.8,0,12.5671,ARI
2025,47,15,quantile,0.8,1,13.3057,ARI
2025,47,15,quantile,0.8,2,13.8458,ARI
2025,47,15,quantile,0.8,3,14.0891,ARI
2025,47,15,quantile,0.8,4,13.8346,ARI
2025,47,15,quantile,0.85,-1,13.168,ARI
2025,47,15,quantile,0.85,0,13.7121,ARI
2025,47,15,quantile,0.85,1,14.4677,ARI
2025,47,15,quantile,0.85,2,14.9801,ARI
2025,47,15,quantile,0.85,3,14.7632,ARI
2025,47,15,quantile,0.85,4,14.5761,ARI
2025,47,15,quantile,0.9,-1,14.3508,ARI
2025,47,15,quantile,0.9,0,15.4941,ARI
2025,47,15,quantile,0.9,1,15.5559,ARI
2025,47,15,quantile,0.9,2,15.8215,ARI
2025,47,15,quantile,0.9,3,15.9221,ARI
2025,47,15,quantile,0.9,4,15.894,ARI
2025,47,15,quantile,0.95,-1,17.0488,ARI
2025,47,15,quantile,0.95,0,17.1629,ARI
2025,47,15,quantile,0.95,1,17.6155,ARI
2025,47,15,quantile,0.95,2,17.4858,ARI
2025,47,15,quantile,0.95,3,17.2984,ARI
2025,47,15,quantile,0.95,4,17.973,ARI
2025,47,15,quantile,0.975,-1,20.1508,ARI
2025,47,15,quantile,0.975,0,18.5295,ARI
2025,47,15,quantile,0.975,1,18.5908,ARI
2025,47,15,quantile,0.975,2,19.1262,ARI
2025,47,15,quantile,0.975,3,19.0656,ARI
2025,47,15,quantile,0.975,4,19.7067,ARI
2025,47,15,quantile,0.99,-1,22.9689,ARI
2025,47,15,quantile,0.99,0,22.2514,ARI
2025,47,15,quantile,0.99,1,21.1334,ARI
2025,47,15,quantile,0.99,2,21.2453,ARI
2025,47,15,quantile,0.99,3,21.6174,ARI
2025,47,15,quantile,0.99,4,21.9877,ARI
2025,47,16,quantile,0.01,-1,9.7253,ARI
2025,47,16,quantile,0.01,0,10.2281,ARI
2025,47,16,quantile,0.01,1,10.03,ARI
2025,47,16,quantile,0.01,2,9.1384,ARI
2025,47,16,quantile,0.01,3,8.0999,ARI
2025,47,16,quantile,0.01,4,6.6643,ARI
2025,47,16,quantile,0.025,-1,9.8161,ARI
2025,47,16,quantile,0.025,0,10.3872,ARI
2025,47,16,quantile,0.025,1,10.2943,ARI
2025,47,16,quantile,0.025,2,9.5781,ARI
2025,47,16,quantile,0.025,3,8.5692,ARI
2025,47,16,quantile,0.025,4,7.2833,ARI
2025,47,16,quantile,0.05,-1,9.91,ARI
2025,47,16,quantile,0.05,0,10.5016,ARI
2025,47,16,quantile,0.05,1,10.6498,ARI
2025,47,16,quantile,0.05,2,10.2582,ARI
2025,47,16,quantile,0.05,3,9.6181,ARI
2025,47,16,quantile,0.05,4,8.6184,ARI
2025,47,16,quantile,0.1,-1,10.0209,ARI
2025,47,16,quantile,0.1,0,10.6278,ARI
2025,47,16,quantile,0.1,1,10.9046,ARI
2025,47,16,quantile,0.1,2,10.8472,ARI
2025,47,16,quantile,0.1,3,10.6008,ARI
2025,47,16,quantile,0.1,4,9.8521,ARI
2025,47,16,quantile,0.15,-1,10.0676,ARI
2025,47,16,quantile,0.15,0,10.7297,ARI
2025,47,16,quantile,0.15,1,11.1004,ARI
2025,47,16,quantile,0.15,2,11.2064,ARI
2025,47,16,quantile,0.15,3,11.0802,ARI
2025,47,16,quantile,0.15,4,10.4949,ARI
2025,47,16,quantile,0.2,-1,10.0927,ARI
2025,47,16,quantile,0.2,0,10.799,ARI
2025,47,16,quantile,0.2,1,11.2678,ARI
2025,47,16,quantile,0.2,2,11.5717,ARI
2025,47,16,quantile,0.2,3,11.4782,ARI
2025,47,16,quantile,0.2,4,11.0389,ARI
2025,47,16,quantile,0.25,-1,10.1258,ARI
2025,47,16,quantile,0.25,0,10.8859,ARI
2025,47,16,quantile,0.25,1,11.4875,ARI
2025,47,16,quantile,0.25,2,11.7853,ARI
2025,47,16,quantile,0.25,3,11.7613,ARI
2025,47,16,quantile,0.25,4,11.2955,ARI
2025,47,16,quantile,0.3,-1,10.1659,ARI
2025,47,16,quantile,0.3,0,10.9863,ARI
2025,47,16,quantile,0.3,1,11.6266,ARI
2025,47,16,quantile,0.3,2,11.9763,ARI
2025,47,16,quantile,0.3,3,12.019,ARI
2025,47,16,quantile,0.3,4,11.6955,ARI
2025,47,16,quantile,0.35,-1,10.1974,ARI
2025,47,16,quantile,0.35,0,11.1021,ARI
2025,47,16,quantile,0.35,1,11.7888,ARI
2025,47,16,quantile,0.35,2,12.1804,ARI
2025,47,16,quantile,0.35,3,12.2946,ARI
2025,47,16,quantile,0.35,4,12.1776,ARI
2025,47,16,quantile,0.4,-1,10.225,ARI
2025,47,16,quantile,0.4,0,11.1554,ARI
2025,47,16,quantile,0.4,1,11.8933,ARI
2025,47,16,quantile,0.4,2,12.3759,ARI
2025,47,16,quantile,0.4,3,12.5177,ARI
2025,47,16,quantile,0.4,4,12.5481,ARI
2025,47,16,quantile,0.45,-1,10.2519,ARI
2025,47,16,quantile,0.45,0,11.203,ARI
2025,47,16,quantile,0.45,1,11.9967,ARI
2025,47,16,quantile,0.45,2,12.5609,ARI
2025,47,16,quantile,0.45,3,12.8876,ARI
2025,47,16,quantile,0.45,4,12.8752,ARI
2025,47,16,quantile,0.5,-1,10.2792,ARI
2025,47,16,quantile,0.5,0,11.2765,ARI
2025,47,16,quantile,0.5,1,12.1085,ARI
2025,47,16,quantile,0.5,2,12.7384,ARI
2025,47,16,quantile,0.5,3,13.0317,ARI
2025,47,16,quantile,0.5,4,13.2047,ARI
2025,47,16,quantile,0.55,-1,10.2963,ARI
2025,47,16,quantile,0.55,0,11.3378,ARI
2025,47,16,quantile,0.55,1,12.2402,ARI
2025,47,16,quantile,0.55,2,12.9057,ARI
2025,47,16,quantile,0.55,3,13.3678,ARI
2025,47,16,quantile,0.55,4,13.4863,ARI
2025,47,16,quantile,0.6,-1,10.3168,ARI
2025,47,16,quantile,0.6,0,11.3983,ARI
2025,47,16,quantile,0.6,1,12.3336,ARI
2025,47,16,quantile,0.6,2,13.0775,ARI
2025,47,16,quantile,0.6,3,13.5792,ARI
2025,47,16,quantile,0.6,4,13.7137,ARI
2025,47,16,quantile,0.65,-1,10.3325,ARI
2025,47,16,quantile,0.65,0,11.456,ARI
2025,47,16,quantile,0.65,1,12.4682,ARI
2025,47,16,quantile,0.65,2,13.2462,ARI
2025,47,16,quantile,0.65,3,13.7806,ARI
2025,47,16,quantile,0.65,4,14.0041,ARI
2025,47,16,quantile,0.7,-1,10.3696,ARI
2025,47,16,quantile,0.7,0,11.5387,ARI
2025,47,16,quantile,0.7,1,12.5708,ARI
2025,47,16,quantile,0.7,2,13.4309,ARI
2025,47,16,quantile,0.7,3,14.041,ARI
2025,47,16,quantile,0.7,4,14.4532,ARI
2025,47,16,quantile,0.75,-1,10.3951,ARI
2025,47,16,quantile,0.75,0,11.5873,ARI
2025,47,16,quantile,0.75,1,12.7273,ARI
2025,47,16,quantile,0.75,2,13.6426,ARI
2025,47,16,quantile,0.75,3,14.2905,ARI
2025,47,16,quantile,0.75,4,14.6913,ARI
2025,47,16,quantile,0.8,-1,10.4364,ARI
2025,47,16,quantile,0.8,0,11.6652,ARI
2025,47,16,quantile,0.8,1,12.8267,ARI
2025,47,16,quantile,0.8,2,13.7719,ARI
2025,47,16,quantile,0.8,3,14.6083,ARI
2025,47,16,quantile,0.8,4,15.0759,ARI
2025,47,16,quantile,0.85,-1,10.4816,ARI
2025,47,16,quantile,0.85,0,11.784,ARI
2025,47,16,quantile,0.85,1,12.9645,ARI
2025,47,16,quantile,0.85,2,14.0254,ARI
2025,47,16,quantile,0.85,3,14.8759,ARI
2025,47,16,quantile,0.85,4,15.5278,ARI
2025,47,16,quantile,0.9,-1,10.5155,ARI
2025,47,16,quantile,0.9,0,11.8822,ARI
2025,47,16,quantile,0.9,1,13.1954,ARI
2025,47,16,quantile,0.9,2,14.4515,ARI
2025,47,16,quantile,0.9,3,15.4792,ARI
2025,47,16,quantile,0.9,4,16.0225,ARI
2025,47,16,quantile,0.95,-1,10.575,ARI
2025,47,16,quantile,0.95,0,12.0813,ARI
2025,47,16,quantile,0.95,1,13.5823,ARI
2025,47,16,quantile,0.95,2,14.991,ARI
2025,47,16,quantile,0.95,3,16.2614,ARI
2025,47,16,quantile,0.95,4,17.0341,ARI
2025,47,16,quantile,0.975,-1,10.6567,ARI
2025,47,16,quantile,0.975,0,12.2511,ARI
2025,47,16,quantile,0.975,1,13.8988,ARI
2025,47,16,quantile,0.975,2,15.303,ARI
2025,47,16,quantile,0.975,3,16.5525,ARI
2025,47,16,quantile,0.975,4,17.8156,ARI
2025,47,16,quantile,0.99,-1,10.7715,ARI
2025,47,16,quantile,0.99,0,12.3445,ARI
2025,47,16,quantile,0.99,1,14.1112,ARI
2025,47,16,quantile,0.99,2,15.6957,ARI
2025,47,16,quantile,0.99,3,17.0177,ARI
2025,47,16,quantile,0.99,4,17.9686,ARI
2025,47,17,quantile,0.01,-1,0.7209,ARI
2025,47,17,quantile,0.01,0,0.8343,ARI
2025,47,17,quantile,0.01,1,0.9976,ARI
2025,47,17,quantile,0.01,2,1.1031,ARI
2025,47,17,quantile,0.01,3,1.2694,ARI
2025,47,17,quantile,0.01,4,1.2973,ARI
2025,47,17,quantile,0.025,-1,1.0571,ARI
2025,47,17,quantile,0.025,0,1.2943,ARI
2025,47,17,quantile,0.025,1,1.4738,ARI
2025,47,17,quantile,0.025,2,1.7424,ARI
2025,47,17,quantile,0.025,3,1.9192,ARI
2025,47,17,quantile,0.025,4,1.5989,ARI
2025,47,17,quantile,0.05,-1,1.7213,ARI
2025,47,17,quantile,0.05,0,1.96,ARI
2025,47,17,quantile,0.05,1,2.2381,ARI
2025,47,17,quantile,0.05,2,2.642,ARI
2025,47,17,quantile,0.05,3,2.443,ARI
2025,47,17,quantile,0.05,4,2.3728,ARI
2025,47,17,quantile,0.1,-1,2.3767,ARI
2025,47,17,quantile,0.1,0,2.7925,ARI
2025,47,17,quantile,0.1,1,3.1695,ARI
2025,47,17,quantile,0.1,2,3.4078,ARI
2025,47,17,quantile,0.1,3,3.5305,ARI
2025,47,17,quantile,0.1,4,3.5591,ARI
2025,47,17,quantile,0.15,-1,3.0051,ARI
2025,47,17,quantile,0.15,0,3.5532,ARI
2025,47,17,quantile,0.15,1,3.9851,ARI
2025,47,17,quantile,0.15,2,4.1461,ARI
2025,47,17,quantile,0.15,3,4.452,ARI
2025,47,17,quantile,0.15,4,4.6435,ARI
2025,47,17,quantile,0.2,-1,3.6164,ARI
2025,47,17,quantile,0.2,0,4.1723,ARI
2025,47,17,quantile,0.2,1,4.6691,ARI
2025,47,17,quantile,0.2,2,5.1847,ARI
2025,47,17,quantile,0.2,3,5.6204,ARI
2025,47,17,quantile,0.2,4,5.571,ARI
2025,47,17,quantile,0.25,-1,4.1531,ARI
2025,47,17,quantile,0.25,0,5.0455,ARI
2025,47,17,quantile,0.25,1,5.4339,ARI
2025,47,17,quantile,0.25,2,5.8919,ARI
2025,47,17,quantile,0.25,3,6.3297,ARI
2025,47,17,quantile,0.25,4,6.9144,ARI
2025,47,17,quantile,0.3,-1,4.7874,ARI
2025,47,17,quantile,0.3,0,5.5116,ARI
2025,47,17,quantile,0.3,1,6.1533,ARI
2025,47,17,quantile,0.3,2,6.7375,ARI
2025,47,17,quantile,0.3,3,7.2637,ARI
2025,47,17,quantile,0.3,4,7.6598,ARI
2025,47,17,quantile,0.35,-1,5.4486,ARI
2025,47,17,quantile,0.35,0,6.2822,ARI
2025,47,17,quantile,0.35,1,6.8648,ARI
2025,47,17,quantile,0.35,2,7.5798,ARI
2025,47,17,quantile,0.35,3,7.9382,ARI
2025,47,17,quantile,0.35,4,8.8009,ARI
2025,47,17,quantile,0.4,-1,6.2211,ARI
2025,47,17,quantile,0.4,0,6.8407,ARI
2025,47,17,quantile,0.4,1,7.6635,ARI
2025,47,17,quantile,0.4,2,8.4466,ARI
2025,47,17,quantile,0.4,3,8.915,ARI
2025,47,17,quantile,0.4,4,9.2707,ARI
2025,47,17,quantile,0.45,-1,6.9696,ARI
2025,47,17,quantile,0.45,0,7.5653,ARI
2025,47,17,quantile,0.45,1,8.4247,ARI
2025,47,17,quantile,0.45,2,8.9416,ARI
2025,47,17,quantile,0.45,3,9.6758,ARI
2025,47,17,quantile,0.45,4,10.0274,ARI
2025,47,17,quantile,0.5,-1,7.4171,ARI
2025,47,17,quantile,0.5,0,8.2054,ARI
2025,47,17,quantile,0.5,1,9.2596,ARI
2025,47,17,quantile,0.5,2,9.6707,ARI
2025,47,17,quantile,0.5,3,10.2644,ARI
2025,47,17,quantile,0.5,4,10.5058,ARI
2025,47,17,quantile,0.55,-1,8.0615,ARI
2025,47,17,quantile,0.55,0,8.8984,ARI
2025,47,17,quantile,0.55,1,9.8403,ARI
2025,47,17,quantile,0.55,2,10.5148,ARI
2025,47,17,quantile,0.55,3,10.98,ARI
2025,47,17,quantile,0.55,4,11.0316,ARI
2025,47,17,quantile,0.6,-1,8.7526,ARI
2025,47,17,quantile,0.6,0,9.5612,ARI
2025,47,17,quantile,0.6,1,10.353,ARI
2025,47,17,quantile,0.6,2,11.1362,ARI
2025,47,17,quantile,0.6,3,11.5742,ARI
2025,47,17,quantile,0.6,4,11.8564,ARI
2025,47,17,quantile,0.65,-1,9.4589,ARI
2025,47,17,quantile,0.65,0,10.1092,ARI
2025,47,17,quantile,0.65,1,11.0686,ARI
2025,47,17,quantile,0.65,2,11.7772,ARI
2025,47,17,quantile,0.65,3,12.2111,ARI
2025,47,17,quantile,0.65,4,12.4916,ARI
2025,47,17,quantile,0.7,-1,10.4701,ARI
2025,47,17,quantile,0.7,0,11.2909,ARI
2025,47,17,quantile,0.7,1,11.6167,ARI
2025,47,17,quantile,0.7,2,12.3248,ARI
2025,47,17,quantile,0.7,3,12.6469,ARI
2025,47,17,quantile,0.7,4,13.1106,ARI
2025,47,17,quantile,0.75,-1,11.2374,ARI
2025,47,17,quantile,0.75,0,12.1101,ARI
2025,47,17,quantile,0.75,1,12.4076,ARI
2025,47,17,quantile,0.75,2,12.9505,ARI
2025,47,17,quantile,0.75,3,13.477,ARI
2025,47,17,quantile,0.75,4,13.7623,ARI
2025,47,17,quantile,0.8,-1,12.5693,ARI
2025,47,17,quantile,0.8,0,12.8509,ARI
2025,47,17,quantile,0.8,1,13.0694,ARI
2025,47,17,quantile,0.8,2,13.4731,ARI
2025,47,17,quantile,0.8,3,14.0865,ARI
2025,47,17,quantile,0.8,4,14.2981,ARI
2025,47,17,quantile,0.85,-1,13.6996,ARI
2025,47,17,quantile,0.85,0,13.8046,ARI
2025,47,17,quantile,0.85,1,14.1995,ARI
2025,47,17,quantile,0.85,2,14.6501,ARI
2025,47,17,quantile,0.85,3,14.8086,ARI
2025,47,17,quantile,0.85,4,15.1636,ARI
2025,47,17,quantile,0.9,-1,15.0248,ARI
2025,47,17,quantile,0.9,0,15.2078,ARI
2025,47,17,quantile,0.9,1,15.5365,ARI
2025,47,17,quantile,0.9,2,15.8668,ARI
2025,47,17,quantile,0.9,3,16.1278,ARI
2025,47,17,quantile,0.9,4,15.812,ARI
2025,47,17,quantile,0.95,-1,17.0781,ARI
2025,47,17,quantile,0.95,0,17.2469,ARI
2025,47,17,quantile,0.95,1,17.6818,ARI
2025,47,17,quantile,0.95,2,17.9914,ARI
2025,47,17,quantile,0.95,3,17.6968,ARI
2025,47,17,quantile,0.95,4,18.1171,ARI
2025,47,17,quantile,0.975,-1,18.5692,ARI
2025,47,17,quantile,0.975,0,18.9,ARI
2025,47,17,quantile,0.975,1,18.7835,ARI
2025,47,17,quantile,0.975,2,19.129,ARI
2025,47,17,quantile,0.975,3,19.3291,ARI
2025,47,17,quantile,0.975,4,19.4434,ARI
2025,47,17,quantile,0.99,-1,19.775,ARI
2025,47,17,quantile,0.99,0,19.9162,ARI
2025,47,17,quantile,0.99,1,19.9893,ARI
2025,47,17,quantile,0.99,2,19.7767,ARI
2025,47,17,quantile,0.99,3,20.7232,ARI
2025,47,17,quantile,0.99,4,21.5022,ARI
2025,47,18,quantile,0.01,-1,0.7915,ARI
2025,47,18,quantile,0.01,0,0.93,ARI
2025,47,18,quantile,0.01,1,0.9719,ARI
2025,47,18,quantile,0.01,2,1.0933,ARI
2025,47,18,quantile,0.01,3,1.1916,ARI
2025,47,18,quantile,0.01,4,1.2892,ARI
2025,47,18,quantile,0.025,-1,1.0399,ARI
2025,47,18,quantile,0.025,0,1.223,ARI
2025,47,18,quantile,0.025,1,1.3681,ARI
2025,47,18,quantile,0.025,2,1.5332,ARI
2025,47,18,quantile,0.025,3,1.7326,ARI
2025,47,18,quantile,0.025,4,1.836,ARI
2025,47,18,quantile,0.05,-1,1.5181,ARI
2025,47,18,quantile,0.05,0,1.7517,ARI
2025,47,18,quantile,0.05,1,2.0663,ARI
2025,47,18,quantile,0.05,2,2.495,ARI
2025,47,18,quantile,0.05,3,2.5401,ARI
2025,47,18,quantile,0.05,4,2.1729,ARI
2025,47,18,quantile,0.1,-1,2.5432,ARI
2025,47,18,quantile,0.1,0,3.0813,ARI
2025,47,18,quantile,0.1,1,3.6112,ARI
2025,47,18,quantile,0.1,2,3.8043,ARI
2025,47,18,quantile,0.1,3,3.7694,ARI
2025,47,18,quantile,0.1,4,3.6153,ARI
2025,47,18,quantile,0.15,-1,3.0795,ARI
2025,47,18,quantile,0.15,0,3.6443,ARI
2025,47,18,quantile,0.15,1,4.1914,ARI
2025,47,18,quantile,0.15,2,4.7347,ARI
2025,47,18,quantile,0.15,3,4.6424,ARI
2025,47,18,quantile,0.15,4,4.555,ARI
2025,47,18,quantile,0.2,-1,3.7354,ARI
2025,47,18,quantile,0.2,0,4.5886,ARI
2025,47,18,quantile,0.2,1,4.7724,ARI
2025,47,18,quantile,0.2,2,5.187,ARI
2025,47,18,quantile,0.2,3,5.5659,ARI
2025,47,18,quantile,0.2,4,5.9186,ARI
2025,47,18,quantile,0.25,-1,4.2892,ARI
2025,47,18,quantile,0.25,0,4.9625,ARI
2025,47,18,quantile,0.25,1,5.6958,ARI
2025,47,18,quantile,0.25,2,5.6747,ARI
2025,47,18,quantile,0.25,3,6.2401,ARI
2025,47,18,quantile,0.25,4,6.6659,ARI
2025,47,18,quantile,0.3,-1,4.7833,ARI
2025,47,18,quantile,0.3,0,5.5333,ARI
2025,47,18,quantile,0.3,1,6.087,ARI
2025,47,18,quantile,0.3,2,6.3638,ARI
2025,47,18,quantile,0.3,3,6.8636,ARI
2025,47,18,quantile,0.3,4,7.3149,ARI
2025,47,18,quantile,0.35,-1,5.3507,ARI
2025,47,18,quantile,0.35,0,6.0501,ARI
2025,47,18,quantile,0.35,1,6.5299,ARI
2025,47,18,quantile,0.35,2,7.0162,ARI
2025,47,18,quantile,0.35,3,7.4801,ARI
2025,47,18,quantile,0.35,4,7.8151,ARI
2025,47,18,quantile,0.4,-1,6.0055,ARI
2025,47,18,quantile,0.4,0,6.7299,ARI
2025,47,18,quantile,0.4,1,7.1342,ARI
2025,47,18,quantile,0.4,2,7.58,ARI
2025,47,18,quantile,0.4,3,8.3111,ARI
2025,47,18,quantile,0.4,4,8.3641,ARI
2025,47,18,quantile,0.45,-1,6.801,ARI
2025,47,18,quantile,0.45,0,7.5232,ARI
2025,47,18,quantile,0.45,1,7.8616,ARI
2025,47,18,quantile,0.45,2,8.3769,ARI
2025,47,18,quantile,0.45,3,8.9753,ARI
2025,47,18,quantile,0.45,4,9.2866,ARI
2025,47,18,quantile,0.5,-1,7.2846,ARI
2025,47,18,quantile,0.5,0,7.9222,ARI
2025,47,18,quantile,0.5,1,8.538,ARI
2025,47,18,quantile,0.5,2,9.2535,ARI
2025,47,18,quantile,0.5,3,9.4807,ARI
2025,47,18,quantile,0.5,4,9.7122,ARI
2025,47,18,quantile,0.55,-1,7.9514,ARI
2025,47,18,quantile,0.55,0,8.6701,ARI
2025,47,18,quantile,0.55,1,9.2401,ARI
2025,47,18,quantile,0.55,2,9.77,ARI
2025,47,18,quantile,0.55,3,10.1783,ARI
2025,47,18,quantile,0.55,4,10.5274,ARI
2025,47,18,quantile,0.6,-1,8.5312,ARI
2025,47,18,quantile,0.6,0,9.2211,ARI
2025,47,18,quantile,0.6,1,9.855,ARI
2025,47,18,quantile,0.6,2,10.5841,ARI
2025,47,18,quantile,0.6,3,10.8243,ARI
2025,47,18,quantile,0.6,4,11.0518,ARI
2025,47,18,quantile,0.65,-1,9.2209,ARI
2025,47,18,quantile,0.65,0,9.8523,ARI
2025,47,18,quantile,0.65,1,10.5321,ARI
2025,47,18,quantile,0.65,2,11.1548,ARI
2025,47,18,quantile,0.65,3,11.5931,ARI
2025,47,18,quantile,0.65,4,11.8228,ARI
2025,47,18,quantile,0.7,-1,10.2079,ARI
2025,47,18,quantile,0.7,0,10.5326,ARI
2025,47,18,quantile,0.7,1,11.2827,ARI
2025,47,18,quantile,0.7,2,11.6811,ARI
2025,47,18,quantile,0.7,3,12.2171,ARI
2025,47,18,quantile,0.7,4,12.3967,ARI
2025,47,18,quantile,0.75,-1,11.362,ARI
2025,47,18,quantile,0.75,0,11.4439,ARI
2025,47,18,quantile,0.75,1,12.06,ARI
2025,47,18,quantile,0.75,2,12.4807,ARI
2025,47,18,quantile,0.75,3,12.8452,ARI
2025,47,18,quantile,0.75,4,12.9384,ARI
2025,47,18,quantile,0.8,-1,12.0623,ARI
2025,47,18,quantile,0.8,0,12.5101,ARI
2025,47,18,quantile,0.8,1,13.1587,ARI
2025,47,18,quantile,0.8,2,13.3033,ARI
2025,47,18,quantile,0.8,3,13.7915,ARI
2025,47,18,quantile,0.8,4,13.9458,ARI
2025,47,18,quantile,0.85,-1,13.0978,ARI
2025,47,18,quantile,0.85,0,13.5767,ARI
2025,47,18,quantile,0.85,1,13.9167,ARI
2025,47,18,quantile,0.85,2,14.1901,ARI
2025,47,18,quantile,0.85,3,14.6095,ARI
2025,47,18,quantile,0.85,4,15.1604,ARI
2025,47,18,quantile,0.9,-1,13.9269,ARI
2025,47,18,quantile,0.9,0,14.3882,ARI
2025,47,18,quantile,0.9,1,14.9304,ARI
2025,47,18,quantile,0.9,2,15.5413,ARI
2025,47,18,quantile,0.9,3,15.99,ARI
2025,47,18,quantile,0.9,4,16.3307,ARI
2025,47,18,quantile,0.95,-1,16.6796,ARI
2025,47,18,quantile,0.95,0,16.0639,ARI
2025,47,18,quantile,0.95,1,16.4149,ARI
2025,47,18,quantile,0.95,2,17.5077,ARI
2025,47,18,quantile,0.95,3,17.8334,ARI
2025,47,18,quantile,0.95,4,17.4047,ARI
2025,47,18,quantile,0.975,-1,18.439,ARI
2025,47,18,quantile,0.975,0,18.2982,ARI
2025,47,18,quantile,0.975,1,18.7026,ARI
2025,47,18,quantile,0.975,2,19.0407,ARI
2025,47,18,quantile,0.975,3,18.7722,ARI
2025,47,18,quantile,0.975,4,18.7743,ARI
2025,47,18,quantile,0.99,-1,21.4641,ARI
2025,47,18,quantile,0.99,0,19.9306,ARI
2025,47,18,quantile,0.99,1,20.1404,ARI
2025,47,18,quantile,0.99,2,20.2402,ARI
2025,47,18,quantile,0.99,3,21.2369,ARI
2025,47,18,quantile,0.99,4,20.0125,ARI
2025,47,19,quantile,0.01,-1,0.9575,ARI
2025,47,19,quantile,0.01,0,0.9744,ARI
2025,47,19,quantile,0.01,1,0.997,ARI
2025,47,19,quantile,0.01,2,1.187,ARI
2025,47,19,quantile,0.01,3,1.4249,ARI
2025,47,19,quantile,0.01,4,1.5858,ARI
2025,47,19,quantile,0.025,-1,1.221,ARI
2025,47,19,quantile,0.025,0,1.4087,ARI
2025,47,19,quantile,0.025,1,1.7195,ARI
2025,47,19,quantile,0.025,2,2.113,ARI
2025,47,19,quantile,0.025,3,2.1901,ARI
2025,47,19,quantile,0.025,4,2.2723,ARI
2025,47,19,quantile,0.05,-1,1.8394,ARI
2025,47,19,quantile,0.05,0,2.1438,ARI
2025,47,19,quantile,0.05,1,2.3084,ARI
2025,47,19,quantile,0.05,2,2.6616,ARI
2025,47,19,quantile,0.05,3,2.9684,ARI
2025,47,19,quantile,0.05,4,3.1054,ARI
2025,47,19,quantile,0.1,-1,2.6765,ARI
2025,47,19,quantile,0.1,0,3.1443,ARI
2025,47,19,quantile,0.1,1,3.5838,ARI
2025,47,19,quantile,0.1,2,3.9278,ARI
2025,47,19,quantile,0.1,3,4.5252,ARI
2025,47,19,quantile,0.1,4,4.8015,ARI
2025,47,19,quantile,0.15,-1,2.9951,ARI
2025,47,19,quantile,0.15,0,3.6671,ARI
2025,47,19,quantile,0.15,1,4.4181,ARI
2025,47,19,quantile,0.15,2,5.0791,ARI
2025,47,19,quantile,0.15,3,5.7006,ARI
2025,47,19,quantile,0.15,4,6.0615,ARI
2025,47,19,quantile,0.2,-1,3.3982,ARI
2025,47,19,quantile,0.2,0,4.162,ARI
2025,47,19,quantile,0.2,1,4.9579,ARI
2025,47,19,quantile,0.2,2,5.6996,ARI
2025,47,19,quantile,0.2,3,6.4995,ARI
2025,47,19,quantile,0.2,4,7.1683,ARI
2025,47,19,quantile,0.25,-1,3.8662,ARI
2025,47,19,quantile,0.25,0,4.6567,ARI
2025,47,19,quantile,0.25,1,5.5937,ARI
2025,47,19,quantile,0.25,2,6.3416,ARI
2025,47,19,quantile,0.25,3,7.2892,ARI
2025,47,19,quantile,0.25,4,7.9226,ARI
2025,47,19,quantile,0.3,-1,4.3302,ARI
2025,47,19,quantile,0.3,0,5.2599,ARI
2025,47,19,quantile,0.3,1,6.3678,ARI
2025,47,19,quantile,0.3,2,7.3033,ARI
2025,47,19,quantile,0.3,3,8.0228,ARI
2025,47,19,quantile,0.3,4,8.7783,ARI
2025,47,19,quantile,0.35,-1,5.1396,ARI
2025,47,19,quantile,0.35,0,6.1471,ARI
2025,47,19,quantile,0.35,1,7.0192,ARI
2025,47,19,quantile,0.35,2,8.0607,ARI
2025,47,19,quantile,0.35,3,8.8542,ARI
2025,47,19,quantile,0.35,4,9.4852,ARI
2025,47,19,quantile,0.4,-1,5.8531,ARI
2025,47,19,quantile,0.4,0,6.8229,ARI
2025,47,19,quantile,0.4,1,7.7834,ARI
2025,47,19,quantile,0.4,2,8.6727,ARI
2025,47,19,quantile,0.4,3,9.5854,ARI
2025,47,19,quantile,0.4,4,10.0606,ARI
2025,47,19,quantile,0.45,-1,6.5502,ARI
2025,47,19,quantile,0.45,0,7.5497,ARI
2025,47,19,quantile,0.45,1,8.4954,ARI
2025,47,19,quantile,0.45,2,9.2622,ARI
2025,47,19,quantile,0.45,3,10.1633,ARI
2025,47,19,quantile,0.45,4,10.6126,ARI
2025,47,19,quantile,0.5,-1,7.1613,ARI
2025,47,19,quantile,0.5,0,8.301,ARI
2025,47,19,quantile,0.5,1,9.1931,ARI
2025,47,19,quantile,0.5,2,9.8271,ARI
2025,47,19,quantile,0.5,3,10.725,ARI
2025,47,19,quantile,0.5,4,11.2902,ARI
2025,47,19,quantile,0.55,-1,7.7482,ARI
2025,47,19,quantile,0.55,0,8.6949,ARI
2025,47,19,quantile,0.55,1,9.6797,ARI
2025,47,19,quantile,0.55,2,10.7598,ARI
2025,47,19,quantile,0.55,3,11.3238,ARI
2025,47,19,quantile,0.55,4,11.7978,ARI
2025,47,19,quantile,0.6,-1,8.3238,ARI
2025,47,19,quantile,0.6,0,9.3596,ARI
2025,47,19,quantile,0.6,1,10.2475,ARI
2025,47,19,quantile,0.6,2,11.1391,ARI
2025,47,19,quantile,0.6,3,12.0139,ARI
2025,47,19,quantile,0.6,4,12.2393,ARI
2025,47,19,quantile,0.65,-1,9.2591,ARI
2025,47,19,quantile,0.65,0,10.0097,ARI
2025,47,19,quantile,0.65,1,10.8116,ARI
2025,47,19,quantile,0.65,2,11.8153,ARI
2025,47,19,quantile,0.65,3,12.389,ARI
2025,47,19,quantile,0.65,4,12.8094,ARI
2025,47,19,quantile,0.7,-1,10.0786,ARI
2025,47,19,quantile,0.7,0,10.8544,ARI
2025,47,19,quantile,0.7,1,11.5356,ARI
2025,47,19,quantile,0.7,2,12.5732,ARI
2025,47,19,quantile,0.7,3,12.9296,ARI
2025,47,19,quantile,0.7,4,13.246,ARI
2025,47,19,quantile,0.75,-1,11.0164,ARI
2025,47,19,quantile,0.75,0,11.7975,ARI
2025,47,19,quantile,0.75,1,12.5513,ARI
2025,47,19,quantile,0.75,2,13.2338,ARI
2025,47,19,quantile,0.75,3,13.3867,ARI
2025,47,19,quantile,0.75,4,13.9169,ARI
2025,47,19,quantile,0.8,-1,11.7124,ARI
2025,47,19,quantile,0.8,0,12.8446,ARI
2025,47,19,quantile,0.8,1,13.7379,ARI
2025,47,19,quantile,0.8,2,13.8901,ARI
2025,47,19,quantile,0.8,3,14.2388,ARI
2025,47,19,quantile,0.8,4,14.4856,ARI
2025,47,19,quantile,0.85,-1,13.518,ARI
2025,47,19,quantile,0.85,0,14.0917,ARI
2025,47,19,quantile,0.85,1,14.623,ARI
2025,47,19,quantile,0.85,2,14.8448,ARI
2025,47,19,quantile,0.85,3,15.0975,ARI
2025,47,19,quantile,0.85,4,15.1096,ARI
2025,47,19,quantile,0.9,-1,15.0431,ARI
2025,47,19,quantile,0.9,0,15.2624,ARI
2025,47,19,quantile,0.9,1,15.8665,ARI
2025,47,19,quantile,0.9,2,16.1666,ARI
2025,47,19,quantile,0.9,3,16.1201,ARI
2025,47,19,quantile,0.9,4,16.0447,ARI
2025,47,19,quantile,0.95,-1,17.0517,ARI
2025,47,19,quantile,0.95,0,17.8837,ARI
2025,47,19,quantile,0.95,1,18.4431,ARI
2025,47,19,quantile,0.95,2,18.3405,ARI
2025,47,19,quantile,0.95,3,18.2001,ARI
2025,47,19,quantile,0.95,4,17.8457,ARI
2025,47,19,quantile,0.975,-1,19.8001,ARI
2025,47,19,quantile,0.975,0,20.5865,ARI
2025,47,19,quantile,0.975,1,20.6503,ARI
2025,47,19,quantile,0.975,2,20.0962,ARI
2025,47,19,quantile,0.975,3,19.4325,ARI
2025,47,19,quantile,0.975,4,19.5319,ARI
2025,47,19,quantile,0.99,-1,24.1831,ARI
2025,47,19,quantile,0.99,0,23.2478,ARI
2025,47,19,quantile,0.99,1,23.1295,ARI
2025,47,19,quantile,0.99,2,22.2265,ARI
2025,47,19,quantile,0.99,3,21.913,ARI
2025,47,19,quantile,0.99,4,21.4294,ARI
2025,47,20,quantile,0.01,-1,0.7134,ARI
2025,47,20,quantile,0.01,0,0.7153,ARI
2025,47,20,quantile,0.01,1,0.5112,ARI
2025,47,20,quantile,0.01,2,0.682,ARI
2025,47,20,quantile,0.01,3,0.8606,ARI
2025,47,20,quantile,0.01,4,0.6898,ARI
2025,47,20,quantile,0.025,-1,1.1285,ARI
2025,47,20,quantile,0.025,0,1.3059,ARI
2025,47,20,quantile,0.025,1,1.3652,ARI
2025,47,20,quantile,0.025,2,1.4509,ARI
2025,47,20,quantile,0.025,3,1.7376,ARI
2025,47,20,quantile,0.025,4,1.7908,ARI
2025,47,20,quantile,0.05,-1,1.5447,ARI
2025,47,20,quantile,0.05,0,1.8095,ARI
2025,47,20,quantile,0.05,1,2.0905,ARI
2025,47,20,quantile,0.05,2,2.3942,ARI
2025,47,20,quantile,0.05,3,2.6403,ARI
2025,47,20,quantile,0.05,4,3.0334,ARI
2025,47,20,quantile,0.1,-1,2.084,ARI
2025,47,20,quantile,0.1,0,2.529,ARI
2025,47,20,quantile,0.1,1,2.9741,ARI
2025,47,20,quantile,0.1,2,3.5393,ARI
2025,47,20,quantile,0.1,3,4.2313,ARI
2025,47,20,quantile,0.1,4,4.7056,ARI
2025,47,20,quantile,0.15,-1,2.555,ARI
2025,47,20,quantile,0.15,0,3.091,ARI
2025,47,20,quantile,0.15,1,3.6652,ARI
2025,47,20,quantile,0.15,2,4.4384,ARI
2025,47,20,quantile,0.15,3,5.0711,ARI
2025,47,20,quantile,0.15,4,5.5697,ARI
2025,47,20,quantile,0.2,-1,3.2892,ARI
2025,47,20,quantile,0.2,0,3.8658,ARI
2025,47,20,quantile,0.2,1,4.587,ARI
2025,47,20,quantile,0.2,2,5.3537,ARI
2025,47,20,quantile,0.2,3,6.0002,ARI
2025,47,20,quantile,0.2,4,6.7262,ARI
2025,47,20,quantile,0.25,-1,3.7399,ARI
2025,47,20,quantile,0.25,0,4.345,ARI
2025,47,20,quantile,0.25,1,5.2465,ARI
2025,47,20,quantile,0.25,2,6.0668,ARI
2025,47,20,quantile,0.25,3,6.9033,ARI
2025,47,20,quantile,0.25,4,7.4555,ARI
2025,47,20,quantile,0.3,-1,4.1322,ARI
2025,47,20,quantile,0.3,0,4.8908,ARI
2025,47,20,quantile,0.3,1,5.9855,ARI
2025,47,20,quantile,0.3,2,6.8675,ARI
2025,47,20,quantile,0.3,3,7.9055,ARI
2025,47,20,quantile,0.3,4,8.3294,ARI
2025,47,20,quantile,0.35,-1,4.7633,ARI
2025,47,20,quantile,0.35,0,5.6786,ARI
2025,47,20,quantile,0.35,1,6.6312,ARI
2025,47,20,quantile,0.35,2,7.4531,ARI
2025,47,20,quantile,0.35,3,8.4878,ARI
2025,47,20,quantile,0.35,4,9.0766,ARI
2025,47,20,quantile,0.4,-1,5.3846,ARI
2025,47,20,quantile,0.4,0,6.2503,ARI
2025,47,20,quantile,0.4,1,7.3337,ARI
2025,47,20,quantile,0.4,2,8.102,ARI
2025,47,20,quantile,0.4,3,8.9109,ARI
2025,47,20,quantile,0.4,4,9.5184,ARI
2025,47,20,quantile,0.45,-1,5.841,ARI
2025,47,20,quantile,0.45,0,6.8562,ARI
2025,47,20,quantile,0.45,1,7.8649,ARI
2025,47,20,quantile,0.45,2,8.9726,ARI
2025,47,20,quantile,0.45,3,9.6012,ARI
2025,47,20,quantile,0.45,4,10.2436,ARI
2025,47,20,quantile,0.5,-1,6.2211,ARI
2025,47,20,quantile,0.5,0,7.488,ARI
2025,47,20,quantile,0.5,1,8.5519,ARI
2025,47,20,quantile,0.5,2,9.7783,ARI
2025,47,20,quantile,0.5,3,10.3387,ARI
2025,47,20,quantile,0.5,4,10.696,ARI
2025,47,20,quantile,0.55,-1,6.9041,ARI
2025,47,20,quantile,0.55,0,7.9972,ARI
2025,47,20,quantile,0.55,1,9.1018,ARI
2025,47,20,quantile,0.55,2,10.2664,ARI
2025,47,20,quantile,0.55,3,10.9754,ARI
2025,47,20,quantile,0.55,4,11.3189,ARI
2025,47,20,quantile,0.6,-1,7.5514,ARI
2025,47,20,quantile,0.6,0,8.6868,ARI
2025,47,20,quantile,0.6,1,9.8091,ARI
2025,47,20,quantile,0.6,2,10.7675,ARI
2025,47,20,quantile,0.6,3,11.3945,ARI
2025,47,20,quantile,0.6,4,11.7875,ARI
2025,47,20,quantile,0.65,-1,8.2766,ARI
2025,47,20,quantile,0.65,0,9.2398,ARI
2025,47,20,quantile,0.65,1,10.3184,ARI
2025,47,20,quantile,0.65,2,11.2328,ARI
2025,47,20,quantile,0.65,3,11.8818,ARI
2025,47,20,quantile,0.65,4,12.3707,ARI
2025,47,20,quantile,0.7,-1,9.0262,ARI
2025,47,20,quantile,0.7,0,10.173,ARI
2025,47,20,quantile,0.7,1,11.2808,ARI
2025,47,20,quantile,0.7,2,11.7404,ARI
2025,47,20,quantile,0.7,3,12.3934,ARI
2025,47,20,quantile,0.7,4,12.8645,ARI
2025,47,20,quantile,0.75,-1,9.7499,ARI
2025,47,20,quantile,0.75,0,11.1386,ARI
2025,47,20,quantile,0.75,1,12.1457,ARI
2025,47,20,quantile,0.75,2,12.5112,ARI
2025,47,20,quantile,0.75,3,12.966,ARI
2025,47,20,quantile,0.75,4,13.4086,ARI
2025,47,20,quantile,0.8,-1,10.8454,ARI
2025,47,20,quantile,0.8,0,12.2001,ARI
2025,47,20,quantile,0.8,1,13.1162,ARI
2025,47,20,quantile,0.8,2,13.571,ARI
2025,47,20,quantile,0.8,3,13.9462,ARI
2025,47,20,quantile,0.8,4,13.9803,ARI
2025,47,20,quantile,0.85,-1,12.7954,ARI
2025,47,20,quantile,0.85,0,13.7172,ARI
2025,47,20,quantile,0.85,1,13.9397,ARI
2025,47,20,quantile,0.85,2,14.7543,ARI
2025,47,20,quantile,0.85,3,14.6796,ARI
2025,47,20,quantile,0.85,4,14.8217,ARI
2025,47,20,quantile,0.9,-1,15.5494,ARI
2025,47,20,quantile,0.9,0,15.5933,ARI
2025,47,20,quantile,0.9,1,15.7281,ARI
2025,47,20,quantile,0.9,2,15.91,ARI
2025,47,20,quantile,0.9,3,15.8044,ARI
2025,47,20,quantile,0.9,4,15.9116,ARI
2025,47,20,quantile,0.95,-1,18.1767,ARI
2025,47,20,quantile,0.95,0,17.4767,ARI
2025,47,20,quantile,0.95,1,18.2368,ARI
2025,47,20,quantile,0.95,2,17.9022,ARI
2025,47,20,quantile,0.95,3,17.3475,ARI
2025,47,20,quantile,0.95,4,17.2281,ARI
2025,47,20,quantile,0.975,-1,20.4252,ARI
2025,47,20,quantile,0.975,0,20.9583,ARI
2025,47,20,quantile,0.975,1,20.3569,ARI
2025,47,20,quantile,0.975,2,19.5882,ARI
2025,47,20,quantile,0.975,3,19.4701,ARI
2025,47,20,quantile,0.975,4,19.09,ARI
2025,47,20,quantile,0.99,-1,23.5415,ARI
2025,47,20,quantile,0.99,0,23.8899,ARI
2025,47,20,quantile,0.99,1,23.1151,ARI
2025,47,20,quantile,0.99,2,22.6018,ARI
2025,47,20,quantile,0.99,3,22.2883,ARI
2025,47,20,quantile,0.99,4,20.4503,ARI
2025,47,21,quantile,0.01,-1,0.6521,ARI
2025,47,21,quantile,0.01,0,0.8179,ARI
2025,47,21,quantile,0.01,1,1.0242,ARI
2025,47,21,quantile,0.01,2,1.1682,ARI
2025,47,21,quantile,0.01,3,0.9685,ARI
2025,47,21,quantile,0.01,4,0.8745,ARI
2025,47,21,quantile,0.025,-1,1.3768,ARI
2025,47,21,quantile,0.025,0,1.7706,ARI
2025,47,21,quantile,0.025,1,1.876,ARI
2025,47,21,quantile,0.025,2,1.8701,ARI
2025,47,21,quantile,0.025,3,1.5904,ARI
2025,47,21,quantile,0.025,4,1.7888,ARI
2025,47,21,quantile,0.05,-1,1.8781,ARI
2025,47,21,quantile,0.05,0,2.1945,ARI
2025,47,21,quantile,0.05,1,2.4189,ARI
2025,47,21,quantile,0.05,2,2.5718,ARI
2025,47,21,quantile,0.05,3,2.6008,ARI
2025,47,21,quantile,0.05,4,2.4687,ARI
2025,47,21,quantile,0.1,-1,2.5147,ARI
2025,47,21,quantile,0.1,0,2.9178,ARI
2025,47,21,quantile,0.1,1,3.2348,ARI
2025,47,21,quantile,0.1,2,3.7921,ARI
2025,47,21,quantile,0.1,3,3.5989,ARI
2025,47,21,quantile,0.1,4,3.4205,ARI
2025,47,21,quantile,0.15,-1,3.5826,ARI
2025,47,21,quantile,0.15,0,3.9102,ARI
2025,47,21,quantile,0.15,1,4.3916,ARI
2025,47,21,quantile,0.15,2,4.3787,ARI
2025,47,21,quantile,0.15,3,4.8411,ARI
2025,47,21,quantile,0.15,4,4.6813,ARI
2025,47,21,quantile,0.2,-1,4.1412,ARI
2025,47,21,quantile,0.2,0,4.7092,ARI
2025,47,21,quantile,0.2,1,5.3443,ARI
2025,47,21,quantile,0.2,2,5.3497,ARI
2025,47,21,quantile,0.2,3,5.8511,ARI
2025,47,21,quantile,0.2,4,6.0107,ARI
2025,47,21,quantile,0.25,-1,4.7108,ARI
2025,47,21,quantile,0.25,0,5.4503,ARI
2025,47,21,quantile,0.25,1,6.0382,ARI
2025,47,21,quantile,0.25,2,6.6376,ARI
2025,47,21,quantile,0.25,3,6.6218,ARI
2025,47,21,quantile,0.25,4,7.1093,ARI
2025,47,21,quantile,0.3,-1,5.2028,ARI
2025,47,21,quantile,0.3,0,6.098,ARI
2025,47,21,quantile,0.3,1,6.5175,ARI
2025,47,21,quantile,0.3,2,7.1785,ARI
2025,47,21,quantile,0.3,3,7.7417,ARI
2025,47,21,quantile,0.3,4,7.921,ARI
2025,47,21,quantile,0.35,-1,5.8904,ARI
2025,47,21,quantile,0.35,0,6.7457,ARI
2025,47,21,quantile,0.35,1,7.3351,ARI
2025,47,21,quantile,0.35,2,7.9037,ARI
2025,47,21,quantile,0.35,3,8.5198,ARI
2025,47,21,quantile,0.35,4,8.8255,ARI
2025,47,21,quantile,0.4,-1,6.5346,ARI
2025,47,21,quantile,0.4,0,7.1954,ARI
2025,47,21,quantile,0.4,1,7.7381,ARI
2025,47,21,quantile,0.4,2,8.6127,ARI
2025,47,21,quantile,0.4,3,9.1364,ARI
2025,47,21,quantile,0.4,4,9.5045,ARI
2025,47,21,quantile,0.45,-1,7.1182,ARI
2025,47,21,quantile,0.45,0,7.786,ARI
2025,47,21,quantile,0.45,1,8.459,ARI
2025,47,21,quantile,0.45,2,9.2534,ARI
2025,47,21,quantile,0.45,3,9.7144,ARI
2025,47,21,quantile,0.45,4,10.1304,ARI
2025,47,21,quantile,0.5,-1,7.5112,ARI
2025,47,21,quantile,0.5,0,8.2944,ARI
2025,47,21,quantile,0.5,1,9.1734,ARI
2025,47,21,quantile,0.5,2,9.6075,ARI
2025,47,21,quantile,0.5,3,10.4663,ARI
2025,47,21,quantile,0.5,4,10.6447,ARI
2025,47,21,quantile,0.55,-1,8.1776,ARI
2025,47,21,quantile,0.55,0,8.8587,ARI
2025,47,21,quantile,0.55,1,9.6907,ARI
2025,47,21,quantile,0.55,2,10.308,ARI
2025,47,21,quantile,0.55,3,10.7973,ARI
2025,47,21,quantile,0.55,4,11.1955,ARI
2025,47,21,quantile,0.6,-1,8.68,ARI
2025,47,21,quantile,0.6,0,9.4283,ARI
2025,47,21,quantile,0.6,1,10.114,ARI
2025,47,21,quantile,0.6,2,10.9906,ARI
2025,47,21,quantile,0.6,3,11.4185,ARI
2025,47,21,quantile,0.6,4,11.6327,ARI
2025,47,21,quantile,0.65,-1,9.2736,ARI
2025,47,21,quantile,0.65,0,9.9526,ARI
2025,47,21,quantile,0.65,1,10.732,ARI
2025,47,21,quantile,0.65,2,11.5056,ARI
2025,47,21,quantile,0.65,3,11.9564,ARI
2025,47,21,quantile,0.65,4,12.1683,ARI
2025,47,21,quantile,0.7,-1,9.8499,ARI
2025,47,21,quantile,0.7,0,10.4936,ARI
2025,47,21,quantile,0.7,1,11.386,ARI
2025,47,21,quantile,0.7,2,12.0203,ARI
2025,47,21,quantile,0.7,3,12.4946,ARI
2025,47,21,quantile,0.7,4,12.8383,ARI
2025,47,21,quantile,0.75,-1,10.5292,ARI
2025,47,21,quantile,0.75,0,11.161,ARI
2025,47,21,quantile,0.75,1,11.9467,ARI
2025,47,21,quantile,0.75,2,12.5773,ARI
2025,47,21,quantile,0.75,3,13.0855,ARI
2025,47,21,quantile,0.75,4,13.6599,ARI
2025,47,21,quantile,0.8,-1,11.3864,ARI
2025,47,21,quantile,0.8,0,12.0756,ARI
2025,47,21,quantile,0.8,1,12.5501,ARI
2025,47,21,quantile,0.8,2,13.1592,ARI
2025,47,21,quantile,0.8,3,13.8635,ARI
2025,47,21,quantile,0.8,4,14.2079,ARI
2025,47,21,quantile,0.85,-1,12.7673,ARI
2025,47,21,quantile,0.85,0,13.0197,ARI
2025,47,21,quantile,0.85,1,13.4568,ARI
2025,47,21,quantile,0.85,2,14.0452,ARI
2025,47,21,quantile,0.85,3,14.5547,ARI
2025,47,21,quantile,0.85,4,15.0648,ARI
2025,47,21,quantile,0.9,-1,14.6284,ARI
2025,47,21,quantile,0.9,0,14.2673,ARI
2025,47,21,quantile,0.9,1,14.7275,ARI
2025,47,21,quantile,0.9,2,14.9947,ARI
2025,47,21,quantile,0.9,3,15.7881,ARI
2025,47,21,quantile,0.9,4,15.6986,ARI
2025,47,21,quantile,0.95,-1,16.9945,ARI
2025,47,21,quantile,0.95,0,16.4057,ARI
2025,47,21,quantile,0.95,1,16.2771,ARI
2025,47,21,quantile,0.95,2,16.1275,ARI
2025,47,21,quantile,0.95,3,16.5052,ARI
2025,47,21,quantile,0.95,4,16.7573,ARI
2025,47,21,quantile,0.975,-1,18.6386,ARI
2025,47,21,quantile,0.975,0,18.515,ARI
2025,47,21,quantile,0.975,1,18.6167,ARI
2025,47,21,quantile,0.975,2,18.3502,ARI
2025,47,21,quantile,0.975,3,17.2293,ARI
2025,47,21,quantile,0.975,4,17.3087,ARI
2025,47,21,quantile,0.99,-1,20.5594,ARI
2025,47,21,quantile,0.99,0,20.4102,ARI
2025,47,21,quantile,0.99,1,19.6047,ARI
2025,47,21,quantile,0.99,2,19.6275,ARI
2025,47,21,quantile,0.99,3,19.4319,ARI
2025,47,21,quantile,0.99,4,18.7233,ARI
2025,47,IT,quantile,0.01,-1,1.9686,ARI+_FLU_A
2025,47,IT,quantile,0.01,0,2.7312,ARI+_FLU_A
2025,47,IT,quantile,0.01,1,3.4827,ARI+_FLU_A
2025,47,IT,quantile,0.01,2,4.0308,ARI+_FLU_A
2025,47,IT,quantile,0.01,3,4.1331,ARI+_FLU_A
2025,47,IT,quantile,0.01,4,3.9327,ARI+_FLU_A
2025,47,IT,quantile,0.025,-1,1.9771,ARI+_FLU_A
2025,47,IT,quantile,0.025,0,2.7556,ARI+_FLU_A
2025,47,IT,quantile,0.025,1,3.5567,ARI+_FLU_A
2025,47,IT,quantile,0.025,2,4.1017,ARI+_FLU_A
2025,47,IT,quantile,0.025,3,4.3181,ARI+_FLU_A
2025,47,IT,quantile,0.025,4,4.1219,ARI+_FLU_A
2025,47,IT,quantile,0.05,-1,1.9832,ARI+_FLU_A
2025,47,IT,quantile,0.05,0,2.7735,ARI+_FLU_A
2025,47,IT,quantile,0.05,1,3.5891,ARI+_FLU_A
2025,47,IT,quantile,0.05,2,4.2032,ARI+_FLU_A
2025,47,IT,quantile,0.05,3,4.4818,ARI+_FLU_A
2025,47,IT,quantile,0.05,4,4.4213,ARI+_FLU_A
2025,47,IT,quantile,0.1,-1,1.9945,ARI+_FLU_A
2025,47,IT,quantile,0.1,0,2.8098,ARI+_FLU_A
2025,47,IT,quantile,0.1,1,3.6493,ARI+_FLU_A
2025,47,IT,quantile,0.1,2,4.3253,ARI+_FLU_A
2025,47,IT,quantile,0.1,3,4.7087,ARI+_FLU_A
2025,47,IT,quantile,0.1,4,4.7242,ARI+_FLU_A
2025,47,IT,quantile,0.15,-1,2.0023,ARI+_FLU_A
2025,47,IT,quantile,0.15,0,2.8259,ARI+_FLU_A
2025,47,IT,quantile,0.15,1,3.6901,ARI+_FLU_A
2025,47,IT,quantile,0.15,2,4.4205,ARI+_FLU_A
2025,47,IT,quantile,0.15,3,4.8495,ARI+_FLU_A
2025,47,IT,quantile,0.15,4,4.8993,ARI+_FLU_A
2025,47,IT,quantile,0.2,-1,2.0089,ARI+_FLU_A
2025,47,IT,quantile,0.2,0,2.8398,ARI+_FLU_A
2025,47,IT,quantile,0.2,1,3.7235,ARI+_FLU_A
2025,47,IT,quantile,0.2,2,4.4977,ARI+_FLU_A
2025,47,IT,quantile,0.2,3,4.9547,ARI+_FLU_A
2025,47,IT,quantile,0.2,4,4.9975,ARI+_FLU_A
2025,47,IT,quantile,0.25,-1,2.0137,ARI+_FLU_A
2025,47,IT,quantile,0.25,0,2.8522,ARI+_FLU_A
2025,47,IT,quantile,0.25,1,3.7518,ARI+_FLU_A
2025,47,IT,quantile,0.25,2,4.5398,ARI+_FLU_A
2025,47,IT,quantile,0.25,3,5.0337,ARI+_FLU_A
2025,47,IT,quantile,0.25,4,5.1039,ARI+_FLU_A
2025,47,IT,quantile,0.3,-1,2.0171,ARI+_FLU_A
2025,47,IT,quantile,0.3,0,2.8618,ARI+_FLU_A
2025,47,IT,quantile,0.3,1,3.7689,ARI+_FLU_A
2025,47,IT,quantile,0.3,2,4.5979,ARI+_FLU_A
2025,47,IT,quantile,0.3,3,5.1673,ARI+_FLU_A
2025,47,IT,quantile,0.3,4,5.2522,ARI+_FLU_A
2025,47,IT,quantile,0.35,-1,2.0206,ARI+_FLU_A
2025,47,IT,quantile,0.35,0,2.8708,ARI+_FLU_A
2025,47,IT,quantile,0.35,1,3.7857,ARI+_FLU_A
2025,47,IT,quantile,0.35,2,4.6436,ARI+_FLU_A
2025,47,IT,quantile,0.35,3,5.2496,ARI+_FLU_A
2025,47,IT,quantile,0.35,4,5.3831,ARI+_FLU_A
2025,47,IT,quantile,0.4,-1,2.0253,ARI+_FLU_A
2025,47,IT,quantile,0.4,0,2.8751,ARI+_FLU_A
2025,47,IT,quantile,0.4,1,3.8039,ARI+_FLU_A
2025,47,IT,quantile,0.4,2,4.6823,ARI+_FLU_A
2025,47,IT,quantile,0.4,3,5.3323,ARI+_FLU_A
2025,47,IT,quantile,0.4,4,5.6176,ARI+_FLU_A
2025,47,IT,quantile,0.45,-1,2.029,ARI+_FLU_A
2025,47,IT,quantile,0.45,0,2.8806,ARI+_FLU_A
2025,47,IT,quantile,0.45,1,3.8233,ARI+_FLU_A
2025,47,IT,quantile,0.45,2,4.7404,ARI+_FLU_A
2025,47,IT,quantile,0.45,3,5.4648,ARI+_FLU_A
2025,47,IT,quantile,0.45,4,5.7743,ARI+_FLU_A
2025,47,IT,quantile,0.5,-1,2.033,ARI+_FLU_A
2025,47,IT,quantile,0.5,0,2.8857,ARI+_FLU_A
2025,47,IT,quantile,0.5,1,3.8456,ARI+_FLU_A
2025,47,IT,quantile,0.5,2,4.8029,ARI+_FLU_A
2025,47,IT,quantile,0.5,3,5.5288,ARI+_FLU_A
2025,47,IT,quantile,0.5,4,5.968,ARI+_FLU_A
2025,47,IT,quantile,0.55,-1,2.0365,ARI+_FLU_A
2025,47,IT,quantile,0.55,0,2.8897,ARI+_FLU_A
2025,47,IT,quantile,0.55,1,3.8675,ARI+_FLU_A
2025,47,IT,quantile,0.55,2,4.8538,ARI+_FLU_A
2025,47,IT,quantile,0.55,3,5.6615,ARI+_FLU_A
2025,47,IT,quantile,0.55,4,6.1027,ARI+_FLU_A
2025,47,IT,quantile,0.6,-1,2.0403,ARI+_FLU_A
2025,47,IT,quantile,0.6,0,2.8921,ARI+_FLU_A
2025,47,IT,quantile,0.6,1,3.8859,ARI+_FLU_A
2025,47,IT,quantile,0.6,2,4.896,ARI+_FLU_A
2025,47,IT,quantile,0.6,3,5.765,ARI+_FLU_A
2025,47,IT,quantile,0.6,4,6.2992,ARI+_FLU_A
2025,47,IT,quantile,0.65,-1,2.0452,ARI+_FLU_A
2025,47,IT,quantile,0.65,0,2.898,ARI+_FLU_A
2025,47,IT,quantile,0.65,1,3.903,ARI+_FLU_A
2025,47,IT,quantile,0.65,2,4.9502,ARI+_FLU_A
2025,47,IT,quantile,0.65,3,5.8854,ARI+_FLU_A
2025,47,IT,quantile,0.65,4,6.4941,ARI+_FLU_A
2025,47,IT,quantile,0.7,-1,2.0501,ARI+_FLU_A
2025,47,IT,quantile,0.7,0,2.902,ARI+_FLU_A
2025,47,IT,quantile,0.7,1,3.9237,ARI+_FLU_A
2025,47,IT,quantile,0.7,2,5.0014,ARI+_FLU_A
2025,47,IT,quantile,0.7,3,5.9874,ARI+_FLU_A
2025,47,IT,quantile,0.7,4,6.6457,ARI+_FLU_A
2025,47,IT,quantile,0.75,-1,2.0545,ARI+_FLU_A
2025,47,IT,quantile,0.75,0,2.9072,ARI+_FLU_A
2025,47,IT,quantile,0.75,1,3.9372,ARI+_FLU_A
2025,47,IT,quantile,0.75,2,5.0642,ARI+_FLU_A
2025,47,IT,quantile,0.75,3,6.0781,ARI+_FLU_A
2025,47,IT,quantile,0.75,4,6.8524,ARI+_FLU_A
2025,47,IT,quantile,0.8,-1,2.0587,ARI+_FLU_A
2025,47,IT,quantile,0.8,0,2.9143,ARI+_FLU_A
2025,47,IT,quantile,0.8,1,3.9645,ARI+_FLU_A
2025,47,IT,quantile,0.8,2,5.1271,ARI+_FLU_A
2025,47,IT,quantile,0.8,3,6.234,ARI+_FLU_A
2025,47,IT,quantile,0.8,4,7.1274,ARI+_FLU_A
2025,47,IT,quantile,0.85,-1,2.0636,ARI+_FLU_A
2025,47,IT,quantile,0.85,0,2.9223,ARI+_FLU_A
2025,47,IT,quantile,0.85,1,3.9994,ARI+_FLU_A
2025,47,IT,quantile,0.85,2,5.2184,ARI+_FLU_A
2025,47,IT,quantile,0.85,3,6.413,ARI+_FLU_A
2025,47,IT,quantile,0.85,4,7.3036,ARI+_FLU_A
2025,47,IT,quantile,0.9,-1,2.069,ARI+_FLU_A
2025,47,IT,quantile,0.9,0,2.9313,ARI+_FLU_A
2025,47,IT,quantile,0.9,1,4.0458,ARI+_FLU_A
2025,47,IT,quantile,0.9,2,5.2962,ARI+_FLU_A
2025,47,IT,quantile,0.9,3,6.5226,ARI+_FLU_A
2025,47,IT,quantile,0.9,4,7.5477,ARI+_FLU_A
2025,47,IT,quantile,0.95,-1,2.078,ARI+_FLU_A
2025,47,IT,quantile,0.95,0,2.9441,ARI+_FLU_A
2025,47,IT,quantile,0.95,1,4.0871,ARI+_FLU_A
2025,47,IT,quantile,0.95,2,5.418,ARI+_FLU_A
2025,47,IT,quantile,0.95,3,6.8163,ARI+_FLU_A
2025,47,IT,quantile,0.95,4,8.0994,ARI+_FLU_A
2025,47,IT,quantile,0.975,-1,2.0844,ARI+_FLU_A
2025,47,IT,quantile,0.975,0,2.9511,ARI+_FLU_A
2025,47,IT,quantile,0.975,1,4.1251,ARI+_FLU_A
2025,47,IT,quantile,0.975,2,5.539,ARI+_FLU_A
2025,47,IT,quantile,0.975,3,7.027,ARI+_FLU_A
2025,47,IT,quantile,0.975,4,8.292,ARI+_FLU_A
2025,47,IT,quantile,0.99,-1,2.091,ARI+_FLU_A
2025,47,IT,quantile,0.99,0,2.9578,ARI+_FLU_A
2025,47,IT,quantile,0.99,1,4.1535,ARI+_FLU_A
2025,47,IT,quantile,0.99,2,5.6117,ARI+_FLU_A
2025,47,IT,quantile,0.99,3,7.1753,ARI+_FLU_A
2025,47,IT,quantile,0.99,4,8.7978,ARI+_FLU_A
2025,47,IT,quantile,0.01,-1,0.0201,ARI+_FLU_B
2025,47,IT,quantile,0.01,0,0.0189,ARI+_FLU_B
2025,47,IT,quantile,0.01,1,0.0177,ARI+_FLU_B
2025,47,IT,quantile,0.01,2,0.0166,ARI+_FLU_B
2025,47,IT,quantile,0.01,3,0.0156,ARI+_FLU_B
2025,47,IT,quantile,0.01,4,0.0147,ARI+_FLU_B
2025,47,IT,quantile,0.025,-1,0.0203,ARI+_FLU_B
2025,47,IT,quantile,0.025,0,0.0191,ARI+_FLU_B
2025,47,IT,quantile,0.025,1,0.018,ARI+_FLU_B
2025,47,IT,quantile,0.025,2,0.0168,ARI+_FLU_B
2025,47,IT,quantile,0.025,3,0.0158,ARI+_FLU_B
2025,47,IT,quantile,0.025,4,0.0148,ARI+_FLU_B
2025,47,IT,quantile,0.05,-1,0.0204,ARI+_FLU_B
2025,47,IT,quantile,0.05,0,0.0192,ARI+_FLU_B
2025,47,IT,quantile,0.05,1,0.018,ARI+_FLU_B
2025,47,IT,quantile,0.05,2,0.017,ARI+_FLU_B
2025,47,IT,quantile,0.05,3,0.016,ARI+_FLU_B
2025,47,IT,quantile,0.05,4,0.015,ARI+_FLU_B
2025,47,IT,quantile,0.1,-1,0.0205,ARI+_FLU_B
2025,47,IT,quantile,0.1,0,0.0193,ARI+_FLU_B
2025,47,IT,quantile,0.1,1,0.0182,ARI+_FLU_B
2025,47,IT,quantile,0.1,2,0.0172,ARI+_FLU_B
2025,47,IT,quantile,0.1,3,0.0162,ARI+_FLU_B
2025,47,IT,quantile,0.1,4,0.0153,ARI+_FLU_B
2025,47,IT,quantile,0.15,-1,0.0206,ARI+_FLU_B
2025,47,IT,quantile,0.15,0,0.0194,ARI+_FLU_B
2025,47,IT,quantile,0.15,1,0.0183,ARI+_FLU_B
2025,47,IT,quantile,0.15,2,0.0173,ARI+_FLU_B
2025,47,IT,quantile,0.15,3,0.0163,ARI+_FLU_B
2025,47,IT,quantile,0.15,4,0.0154,ARI+_FLU_B
2025,47,IT,quantile,0.2,-1,0.0206,ARI+_FLU_B
2025,47,IT,quantile,0.2,0,0.0194,ARI+_FLU_B
2025,47,IT,quantile,0.2,1,0.0184,ARI+_FLU_B
2025,47,IT,quantile,0.2,2,0.0174,ARI+_FLU_B
2025,47,IT,quantile,0.2,3,0.0164,ARI+_FLU_B
2025,47,IT,quantile,0.2,4,0.0155,ARI+_FLU_B
2025,47,IT,quantile,0.25,-1,0.0207,ARI+_FLU_B
2025,47,IT,quantile,0.25,0,0.0195,ARI+_FLU_B
2025,47,IT,quantile,0.25,1,0.0185,ARI+_FLU_B
2025,47,IT,quantile,0.25,2,0.0175,ARI+_FLU_B
2025,47,IT,quantile,0.25,3,0.0165,ARI+_FLU_B
2025,47,IT,quantile,0.25,4,0.0156,ARI+_FLU_B
2025,47,IT,quantile,0.3,-1,0.0207,ARI+_FLU_B
2025,47,IT,quantile,0.3,0,0.0196,ARI+_FLU_B
2025,47,IT,quantile,0.3,1,0.0185,ARI+_FLU_B
2025,47,IT,quantile,0.3,2,0.0175,ARI+_FLU_B
2025,47,IT,quantile,0.3,3,0.0166,ARI+_FLU_B
2025,47,IT,quantile,0.3,4,0.0157,ARI+_FLU_B
2025,47,IT,quantile,0.35,-1,0.0208,ARI+_FLU_B
2025,47,IT,quantile,0.35,0,0.0196,ARI+_FLU_B
2025,47,IT,quantile,0.35,1,0.0186,ARI+_FLU_B
2025,47,IT,quantile,0.35,2,0.0176,ARI+_FLU_B
2025,47,IT,quantile,0.35,3,0.0166,ARI+_FLU_B
2025,47,IT,quantile,0.35,4,0.0157,ARI+_FLU_B
2025,47,IT,quantile,0.4,-1,0.0208,ARI+_FLU_B
2025,47,IT,quantile,0.4,0,0.0196,ARI+_FLU_B
2025,47,IT,quantile,0.4,1,0.0186,ARI+_FLU_B
2025,47,IT,quantile,0.4,2,0.0176,ARI+_FLU_B
2025,47,IT,quantile,0.4,3,0.0167,ARI+_FLU_B
2025,47,IT,quantile,0.4,4,0.0158,ARI+_FLU_B
2025,47,IT,quantile,0.45,-1,0.0208,ARI+_FLU_B
2025,47,IT,quantile,0.45,0,0.0197,ARI+_FLU_B
2025,47,IT,quantile,0.45,1,0.0187,ARI+_FLU_B
2025,47,IT,quantile,0.45,2,0.0177,ARI+_FLU_B
2025,47,IT,quantile,0.45,3,0.0167,ARI+_FLU_B
2025,47,IT,quantile,0.45,4,0.0159,ARI+_FLU_B
2025,47,IT,quantile,0.5,-1,0.0209,ARI+_FLU_B
2025,47,IT,quantile,0.5,0,0.0197,ARI+_FLU_B
2025,47,IT,quantile,0.5,1,0.0187,ARI+_FLU_B
2025,47,IT,quantile,0.5,2,0.0177,ARI+_FLU_B
2025,47,IT,quantile,0.5,3,0.0168,ARI+_FLU_B
2025,47,IT,quantile,0.5,4,0.0159,ARI+_FLU_B
2025,47,IT,quantile,0.55,-1,0.0209,ARI+_FLU_B
2025,47,IT,quantile,0.55,0,0.0198,ARI+_FLU_B
2025,47,IT,quantile,0.55,1,0.0187,ARI+_FLU_B
2025,47,IT,quantile,0.55,2,0.0178,ARI+_FLU_B
2025,47,IT,quantile,0.55,3,0.0168,ARI+_FLU_B
2025,47,IT,quantile,0.55,4,0.016,ARI+_FLU_B
2025,47,IT,quantile,0.6,-1,0.021,ARI+_FLU_B
2025,47,IT,quantile,0.6,0,0.0198,ARI+_FLU_B
2025,47,IT,quantile,0.6,1,0.0188,ARI+_FLU_B
2025,47,IT,quantile,0.6,2,0.0178,ARI+_FLU_B
2025,47,IT,quantile,0.6,3,0.0169,ARI+_FLU_B
2025,47,IT,quantile,0.6,4,0.0161,ARI+_FLU_B
2025,47,IT,quantile,0.65,-1,0.021,ARI+_FLU_B
2025,47,IT,quantile,0.65,0,0.0198,ARI+_FLU_B
2025,47,IT,quantile,0.65,1,0.0188,ARI+_FLU_B
2025,47,IT,quantile,0.65,2,0.0179,ARI+_FLU_B
2025,47,IT,quantile,0.65,3,0.017,ARI+_FLU_B
2025,47,IT,quantile,0.65,4,0.0161,ARI+_FLU_B
2025,47,IT,quantile,0.7,-1,0.021,ARI+_FLU_B
2025,47,IT,quantile,0.7,0,0.0199,ARI+_FLU_B
2025,47,IT,quantile,0.7,1,0.0189,ARI+_FLU_B
2025,47,IT,quantile,0.7,2,0.018,ARI+_FLU_B
2025,47,IT,quantile,0.7,3,0.0171,ARI+_FLU_B
2025,47,IT,quantile,0.7,4,0.0162,ARI+_FLU_B
2025,47,IT,quantile,0.75,-1,0.021,ARI+_FLU_B
2025,47,IT,quantile,0.75,0,0.0199,ARI+_FLU_B
2025,47,IT,quantile,0.75,1,0.019,ARI+_FLU_B
2025,47,IT,quantile,0.75,2,0.018,ARI+_FLU_B
2025,47,IT,quantile,0.75,3,0.0172,ARI+_FLU_B
2025,47,IT,quantile,0.75,4,0.0163,ARI+_FLU_B
2025,47,IT,quantile,0.8,-1,0.0211,ARI+_FLU_B
2025,47,IT,quantile,0.8,0,0.02,ARI+_FLU_B
2025,47,IT,quantile,0.8,1,0.019,ARI+_FLU_B
2025,47,IT,quantile,0.8,2,0.0181,ARI+_FLU_B
2025,47,IT,quantile,0.8,3,0.0173,ARI+_FLU_B
2025,47,IT,quantile,0.8,4,0.0165,ARI+_FLU_B
2025,47,IT,quantile,0.85,-1,0.0211,ARI+_FLU_B
2025,47,IT,quantile,0.85,0,0.0201,ARI+_FLU_B
2025,47,IT,quantile,0.85,1,0.0191,ARI+_FLU_B
2025,47,IT,quantile,0.85,2,0.0182,ARI+_FLU_B
2025,47,IT,quantile,0.85,3,0.0174,ARI+_FLU_B
2025,47,IT,quantile,0.85,4,0.0167,ARI+_FLU_B
2025,47,IT,quantile,0.9,-1,0.0212,ARI+_FLU_B
2025,47,IT,quantile,0.9,0,0.0201,ARI+_FLU_B
2025,47,IT,quantile,0.9,1,0.0192,ARI+_FLU_B
2025,47,IT,quantile,0.9,2,0.0184,ARI+_FLU_B
2025,47,IT,quantile,0.9,3,0.0176,ARI+_FLU_B
2025,47,IT,quantile,0.9,4,0.0169,ARI+_FLU_B
2025,47,IT,quantile,0.95,-1,0.0213,ARI+_FLU_B
2025,47,IT,quantile,0.95,0,0.0203,ARI+_FLU_B
2025,47,IT,quantile,0.95,1,0.0194,ARI+_FLU_B
2025,47,IT,quantile,0.95,2,0.0187,ARI+_FLU_B
2025,47,IT,quantile,0.95,3,0.018,ARI+_FLU_B
2025,47,IT,quantile,0.95,4,0.0174,ARI+_FLU_B
2025,47,IT,quantile,0.975,-1,0.0213,ARI+_FLU_B
2025,47,IT,quantile,0.975,0,0.0205,ARI+_FLU_B
2025,47,IT,quantile,0.975,1,0.0198,ARI+_FLU_B
2025,47,IT,quantile,0.975,2,0.0192,ARI+_FLU_B
2025,47,IT,quantile,0.975,3,0.0187,ARI+_FLU_B
2025,47,IT,quantile,0.975,4,0.0182,ARI+_FLU_B
2025,47,IT,quantile,0.99,-1,0.0214,ARI+_FLU_B
2025,47,IT,quantile,0.99,0,0.0208,ARI+_FLU_B
2025,47,IT,quantile,0.99,1,0.0202,ARI+_FLU_B
2025,47,IT,quantile,0.99,2,0.0198,ARI+_FLU_B
2025,47,IT,quantile,0.99,3,0.0194,ARI+_FLU_B
2025,47,IT,quantile,0.99,4,0.0191,ARI+_FLU_B
